intent,question,answer
Como depositar,Boa dia.tudo bem?eu gostaria de saber sobre aquele caixa do family mart verde eh 24 horas?e se eu posso transferir a qualquer hora?obrigado,"Bom dia! Sim, o sr pode utilizar o cartão de depósitos nesta máquinas 24 horas exclusivas do JP Bank."
Como fazer remessa,Como enviar dinheiro do Japão?,"Para se inscrever no serviço de remessa, por favor, baixe o aplicativo Brastel Remit e registre todos os dados solicitados. Assim vamos validar sua inscrição e você já poderá registrar os seus beneficiários. Com o app Brastel Remit você tera independência para fazer a remessa por conta propria e a qualquer horario https://brastelremit.jp/por/24h"
Tempo de remessa,Quanto tempo levará para o beneficiário receber o dinheiro?,"Via de regra, as remessas serão pagas via PIX dentro de algumas horas, se todos os dados estiverem corretos."
"Pedido de envio via metodo ""ByPhone""","Boa tarde Acabei de fazer a transferência de 22+23, Total de 45Yenes ",iremos processar a sua solicitacao. Muito obrigada e otima tarde.
"Pedido de envio via metodo ""ByPhone""",Poderia fazer a remessa de 22yenes para o BBB RRR   obrigado E de 23yenes para o AAAA MMMM VVVVV caixa econômica federal Obrigado,iremos processar a sua solicitacao. Muito obrigada e otima tarde.
"Pedido de envio via metodo ""ByPhone""",Boa tarde Acabei de fazer uma transferência para conta de vocês no valor de 50.700 a ser descontado a taxa de vocês,Bom dia! Processaremos conforme solicitado. Obrigado!
"Pedido de envio via metodo ""ByPhone""",Boa tarde A beneficiária é YYY FFF YYY,Bom dia! Processaremos conforme solicitado. Obrigado!
Como se inscrever,Como posso me inscrever no serviço de remessa?,"Para se inscrever no serviço de remessa, por favor, baixe o aplicativo Brastel Remit e registre todos os dados solicitados. Assim vamos validar sua inscrição e você já poderá registrar os seus beneficiários. Com o app Brastel Remit você tera independência para fazer a remessa por conta propria e a qualquer horario https://brastelremit.jp/por/24h"
Confirmacao de cambio/taxas,"Boa noite gostaria de tirar uma dúvida???pq a cotação do dólar está 5,02 e no app está 4,96???","Bom dia,  Com base na cotação do mercado, cada empresa de remessa ou banco oferece sua taxa de conversão. Qualquer dúvida estamos à disposição. Obrigado."
"Pedido de envio via metodo ""ByPhone""",Bom dia! Hoje eu fiz um depósito! Acho que esqueci de digitar o código. Por favor Verifique pra mim. Fico no aguardo da confirmação! Obrigado,"Bom dia Obrigado pelo envio do comprovante, vamos colocar o saldo no seu aplicativo."
Como se inscrever,Como posso me inscrever no serviço de remessa?,Bom dia!  App Store (iOS): https://apps.apple.com/br/app/brastel-remit-send-money/id1294541529?ls=1  Google Play (Android): https://play.google.com/store/apps/details?id=com.brastelremit&hl=pt_BR ------- Qualquer dúvida estamos à disposição. Obrigado.
Envio via Deposit Code,"Olá tudo bem, transferi um dinheiro do paypayginkou para essa conta mas não coloquei o número de identificação no no do depósito, oque fazer?","Bom dia,  Por favor, poderia nos enviar a foto ou print do comprovante para verificarmos?"
Registro/Atualizacao de Documento,Tem que registrar o my number? Não sei como fazer alguém poderia me ensinar por favor obrigada,"Bom dia, Neusa  Para cadastrar o My number, por favor acesse em seu aplicativo:  1.Clicar nas 3 linhas no canto esquerdo do App da Brastel 2. Minha conta. 3. Perfil 4.My number Caso não consiga, você pode enviar fotos (frente e verso do My number aqui e iremos cadastrar para você."
Solicitacao de cartao de remessas,Gostaria que me enviasse o cartão remessa,"Bom dia,  Verificamos que você já solicitou o novo cartão de deposito (laranja). Você receberá o cartão num prazo de 3 a 4 dias uteis.  Qualquer dúvida estamos à disposição. Obrigado."
Cadastro de beneficiario,Bom dia tudo bem? Eu gostaria de adicionar mais um beneficiário em minha conta oque eu preciso mesmo? Poderia me informar por favor  muito obrigado,"Por favor,k poderia nos enviar as informacoes abaixo? DADOS DO BENEFICIÁRIO  NOME COMPLETO: GRAU DE PARENTESCO: ENDEREÇO NO BRASIL: (Cidade e Estado apenas) CIDADE: ESTADO: TEL.DE CONTATO NO BRASIL: NOME DO BANCO: NÚMERO DA AGÊNCIA: NOME DA AGÊNCIA: (caso não tenha, deixar em branco NúMERO DA CONTA: TIPO DE CONTA(corrente ou poupança): NÚMERO DO CPF: Motivo da remessa: Ficaremos no aguardo."
Acesso a conta,Boa tarde Por gentileza alguém pode me ajudar Por favor preciso enviar ainda hj dinheiro Preciso de uma senha temporária agora para fazer um remessa,"Bom dia Conforme mensagem acima, enviaremos uma senha temporária para seu email (AAAAA@bbb.com)  Por favor,poderia verificar?"
Confirmacao de cambio/taxas,"Bom dia, quanto da 150.000 yenes no Brasil hj ?","Bom dia,  ¥150,000 (com a taxa de remessa inclusa) ---> 4,834.67 reais. Qualquer dúvida estamos à disposição. Obrigado. Ótima semana!"
Como se inscrever,Como posso me inscrever no serviço de remessa?,"Bom dia,  Para se inscrever no serviço de remessa, por favor, baixe o aplicativo Brastel Remit e registre todos os dados solicitados. Assim vamos validar sua inscrição e você já poderá registrar os seus beneficiários. Com o app Brastel Remit você tera independência para fazer a remessa por conta propria e a qualquer horario https://brastelremit.jp/por/24h "
"Pedido de envio via metodo ""ByPhone""",Olá Fiz um depósito de 42 mil ienes Na conta de JJJJ RRRR Onegai,"Bom dia,  Vamos processar a sua remessa.  Qualquer dúvida estamos à disposição. Obrigado. Ótima semana!"
"Pedido de envio via metodo ""ByPhone""","Bom dia fiz uma transferência agora no valor de ¥ 151.480, favor de transferir para o beneficiário HHH MMM AAA        ",Bom dia Vamos processar sua remessa. Obrigado
Termos e condicoes do servico,"Bom dia , gostaria de saber pq não consigo fazer remessa acima de 31 mil yenes ?","Bom dia,  Pelas taxas de remessa não e possível enviar 31,000 só será possível enviar 30.880, pois a taxa até 30.000 é de 880 passado dos 30.000, a taxa fica 1.480. Qualquer dúvida estamos à disposição. Obrigado."
Problemas de remessa,"Boa noite Fiz uma transferência para minha conta do Brasil no nubank ontem , até agora não caiu o dinheiro la ,mas já recebi o e-mail de confirmação de vcs","Bom dia Como posso ajudar? A sua remessa esta processando. Enviamos uma mensagem para o nosso correspondente do Brasil, para verificar se houve algum problema no pagamento. Por favor,verifique também se os dados bancários estão corretos?"
"Pedido de envio via metodo ""ByPhone""",Bom dia ! Fiz uma transferencia de 50000yenes para uma remessa para AAA YYY MMM. Obrigado.,"Bom dia,  Vamos processar a sua remessa.  Qualquer dúvida estamos à disposição. Obrigado."
Termos e condicoes do servico,"Qual o máximo que podemos inviar Se for enviar 1 m , tenho que depositar 100.000 de cada vez e qual a diferença do cartão do correio eo amarelo?",Bom dia O limite por transação: 800.000 ienes Limite diário: 1.000.000 ienes
"Pedido de envio via metodo ""ByPhone""",Acabei de fazer uma transferência de 3.000 para beneficiário QQQ KKK CCCC   Bom dia obrigada,"Bom dia,  Vamos processar a sua remessa.  Qualquer dúvida estamos à disposição. Obrigado. Otima semana!"
Termos e condicoes do servico,Só dá pra mandar no máximo 800.000 yens Eu tenho que mandar em torno de 100.000 todo mês,"Boa tarde,  O limite por remessa: 800.00 ienes Limite diário: 1.000.000 ienes ; Limite de transações por mês: até 30 transações Qualquer dúvida estamos à disposição. Obrigado."
Termos e condicoes do servico,E qual é o valor da taxa de remessa para 500.000 e 1.000.000 de ienes?,"TAXAS DE REMESSAS Remessas até ¥30.000 taxa ¥880 De ¥30.001~¥300.000 taxa ¥1.480 De ¥300.001~¥800.000 taxa ¥1.680  Para remessas de 1.000.000  Seria 2 envios por dia; - Um no valor 800,000 mil - Outro no valor de 200,000 mil Qualquer dúvida estamos à disposição. Obrigado."
Tempo de entrega do cartao,Boa tarde! Fiz o pedido do cartão de remessa da Brastel mas ainda não chegou. Quanto tempo demora para chegar?,Bom dia Demora o prazo de 4 dias úteis para chegar no seu endereço  Qualquer dúvida estamos à disposição.
"Pedido de envio via metodo ""ByPhone""",Favor enviar 500 reais p MMM pai. Ou favor colocar no saldo p q possa enviar. Obrigado Enviei 18mil na conta,Boa tarde.  Iremos processar a sua solicitacao. O saldo ficara no seu balance do app. Muito obrigada e otima semana.
Problemas de remessa,Olá boa tarde!! Fiz uma remessa e tá demorando pra cair na conta do Brasil,"Boa tarde. Não recebemos a confirmação do pagamento da sua remessa. Vamos verificar com o banco pagador no Brasil. Devido ao fuso horário, pedimos por gentileza que aguarde. Agradecemos a sua compreensão.  "
Tempo de entrega do cartao,Boa tarde! Fiquei de receber um cartão de remessa pois tinha feito o pedido e já faz duas semanas e nada ainda,"Perdao, o pedido nao foi confirmado. Poderia nos informar o seu endereco completo?"
"Pedido de envio via metodo ""ByPhone""",Boa tarde  Fiz uma transferência de ¥320600  ¥309 mil para a beneficiária IIIIIII NNNNN  ¥11600 para o beneficiário PPPPPP OOOO  Onegai shimasu,Boa tarde. Iremos processar a sua solicitacao. Muito obrigada e otima semana.
Registro/Atualizacao de Documento,"Olá, boa tarde! Fiz a atualização do cartao de registro de estrangeiros , gostaria de saber quanto tempo demora para eu conseguir fazer transferência?","Boa tarde. Por favor, aguarde um momento, iremos verificar. Dentro de alguns minutos ira receber uma notificacao no seu app (sininho). Muito obrigada e otima semana. "
Confirmacao de cambio/taxas,Oi boa tarde Quanto da rs 8000 e 7000 enviar yens   E 7000,"Boa tarde Na cotação de hoje, para ser enviado BRL 8,000, deve ser depositado ¥247,239, já com a taxa de remessa inclusa  Para BRL 7,000, deve ser depositado ¥216,519 "
Como se inscrever,Como posso me inscrever no serviço de remessa?,"Para se inscrever no serviço de remessa, por favor, baixe o aplicativo Brastel Remit e registre todos os dados solicitados. Assim vamos validar sua inscrição e você já poderá registrar os seus beneficiários. Com o app Brastel Remit você tera independência para fazer a remessa por conta propria e a qualquer horario https://brastelremit.jp/por/24h  "
Tempo de remessa,Boa noite fiz um depósito agora quanto tempo está na conta para fazer a remessa Usei o cartão de depósito fiz dois depósito de 500 mim,"O processamento do depósito leva em torno de 20 min, podendo ser processado antes desse tempo também"
Tempo de remessa,Olá boa noite Fiz uma remessa para o Brasil mas não caiu na conta!!! Fiz as 13:00 horas da tarde e até agora não caiu..,"Boa noite Vamos verificar, um momento por gentileza Obrigado por aguardar O atraso no pagamento da remessa pode acontecer devido a instabilidade no sistema de pagamento no Brasil ou dados bancários incorretos. Vamos verificar com o banco pagador no Brasil em relação a sua remessa que ainda não foi pago ao beneficiário. Devido ao fuso horário, pedimos por gentileza que aguarde. Agradecemos a sua compreensão."
Tempo de remessa,Olá enviei um dinheiro às 15:59 e até agora não caiu lá O que aconteceu ???? Preciso do dinheiro urgente lá hj,"Boa noite!  O atraso no pagamento da remessa pode acontecer devido a instabilidade no sistema de pagamento no Brasil, ou pelos dados bancários incorretos. Vamos verificar com o banco pagador no Brasil em relação a sua remessa que ainda não foi pago ao beneficiário. Devido ao fuso horário e horário bancário no Brasil, pedimos por gentileza que aguarde. Agradecemos a sua compreensão.  "
Como fazer remessa,Como enviar dinheiro do Japão?,"Para fazer o depósito, você pode solicitar um cartão de depósito ou poderá fazer a transferência direto da sua conta do correio. O passo a passo para ambos os depósitos estarão disponíveis no seu aplicativo. "
Tempo de remessa,Quanto tempo levará para o beneficiário receber o dinheiro?,"Via de regra, as remessas serão pagas via PIX dentro de algumas horas, se todos os dados estiverem corretos."
Como se inscrever,Como posso me inscrever no serviço de remessa?,"Para se inscrever no serviço de remessa, por favor, baixe o aplicativo Brastel Remit e registre todos os dados solicitados. Assim vamos validar sua inscrição e você já poderá registrar os seus beneficiários. Com o app Brastel Remit você tera independência para fazer a remessa por conta propria e a qualquer horario https://brastelremit.jp/por/24h "
Como depositar,"Como faço para fazer transferência do banco do correio, através do app? Não tem campo para colocar o código","Acesse o seu app da Brastel Remit  -> Menu lado esquerdo acima ->Instruções de depósito ->Transferência bancária ->JP Bank  ->ATM do Japan Post Bank ->Siga as instruções de depósito ** digite corretamente seu código de depósito ( são os 8 números que estão no passo n° 14 e 15 ). Onde aparece seu nome, você apaga e coloca esse código deposito. Qualquer dúvida estamos à disposição.  Obrigado "
Reembolso,"Olá, gostaria de saber quanto tempo demora para cair meu reembolso?",Bom dia Voce fez a solicitacao do reembolso ?
Confirmacao de cambio/taxas,Bom dia Gostaria de uma informação quando daria em yen Para enviar para vc o Brasil mil reais,"¥31,955 ---> R$1.000,00 com taxa inclusa.  Lembrando que cotação após as 10h40, podendo haver alteração no valor. Qualquer dúvida estamos à disposição.  Obrigado"
Cadastro de beneficiario,"Olá bom dia! Ontem registrar um beneficiário, que preciso enviar urgente uma remessa para o Brasil mas está processando, tem como vocês liberarem para eu efetuar a remessa ainda hoje, por favor! ","Por gentileza, poderia aguardar mais alguns minutos? Logo ira receber a notificacao e podera processar a sua remessa. Qualquer outra duvida, por favor, entre em contato. Estaremos a disposicao."
Acesso a conta,Atualizei os site e agora como acessar minha conta,Bom dia Você tem acesso a este email (aaaa@bbb.com) ? Podemos encaminhar uma senha temporária. Foi enviado uma senha temporaria no email acima. Qualquer dúvida estamos à disposição.  Obrigado
Problemas de remessa,Conseguiram ver alguma coisa porque precisava mandar essa grana hoje pro Brasil  Que zuado foi pra conta de outra pessoa então,"Raul, pode ser que o deposito nao seja aceito. Sao 2 numeros errados. Pede o zairyu card e a foto do cartao do banco como seguranca."
Como se inscrever,Como posso me inscrever no serviço de remessa?,"Bom dia!  Para se inscrever no serviço de remessa, por favor, baixe o aplicativo Brastel Remit e registre todos os dados solicitados. Assim vamos validar sua inscrição e você já poderá registrar os seus beneficiários. Com o app Brastel Remit você tera independência para fazer a remessa por conta propria e a qualquer horario https://brastelremit.jp/por/24h "
Como fazer remessa,"Quero enviar dinheiro para o Brasil, vc poderia me informar como faz?","Bom dia!  Para se inscrever no serviço de remessa, por favor, baixe o aplicativo Brastel Remit e registre todos os dados solicitados. Assim vamos validar sua inscrição e você já poderá registrar os seus beneficiários. Com o app Brastel Remit você tera independência para fazer a remessa por conta propria e a qualquer horario https://brastelremit.jp/por/24h  "
Como depositar,Como faço para fazer depósito Já fiz o cadastro na Brastel remit,"Bom dia ! Para fazer o depósito, você pode solicitar um cartão de depósito ou poderá fazer a transferência direto da sua conta do correio. O passo a passo para ambos os depósitos estarão disponíveis no seu aplicativo."
Confirmacao de cambio/taxas,"bom dia preciso enviar novamente 970,00 reais , qual valor em ienes por favor???","R$970,00 ----> ¥30,499 com taxa inclusa .  Lembrando que a cotacao pode mudar as 10:40 am"
Confirmacao de cambio/taxas,"Boa tarde Gostaria de saber a cotação pra 30,000¥ com a taxa, por favor  ","Boa tarde,  ¥30,000 (com a taxa de remessa) ---> reais 955.19 Qualquer dúvida estamos à disposição. Obrigado. "
Como fazer remessa,Quero fazer remessa para o Brasil Como faço? Desse novo aplicativo ainda não usei,"A sua nova conta foi ativada com sucesso! Você receberá um cartão de depósito num prazo de 3 a 4 dias uteis.  Você poderá colocar o valor da remessa no saldo do seu aplicativo por meio desse cartão de depósito ou então com seu cartão do banco, ambos passo a passo estão no app.  Para registrar o beneficiário é possível enviar um formulário para que o próprio se registre ou você mesmo o registre.  Dessa forma, com o valor no saldo e os beneficiários registrados, já é possível enviar as remessas.  As remessas no Brasil estão enviando pagamentos via PIX e chegam no mesmo dia para o beneficiário. "
Confirmacao de cambio/taxas,250 reais Quanto tenho depositar no correio Por favor,"Boa tarde,  8.628 ienes incluindo as taxas Qualquer dúvida estamos à disposição. Obrigado."
Confirmacao de cambio/taxas,Oi Boa tarde Para chegar no brasil 982 reais quanto tenho que mandar ?,"Boa tarde,  ¥30,818 (com a taxa de remessa inclusa). Qualquer dúvida estamos à disposição. Obrigado. "
Como se inscrever,Como posso me inscrever no serviço de remessa?,"Boa tarde,  Para se inscrever no serviço de remessa, por favor, baixe o aplicativo Brastel Remit e registre todos os dados solicitados. Assim vamos validar sua inscrição e você já poderá registrar os seus beneficiários. Com o app Brastel Remit você tera independência para fazer a remessa por conta propria e a qualquer horario https://brastelremit.jp/por/24h  "
Confirmacao de cambio/taxas,Boa noite preciso mandar 520 reais para o Brasil quanto seria em yen,Boa noite! Na cotação de hoje RS$520 : 16734 ienes
Tempo de remessa,Quanto tempo levará para o beneficiário receber o dinheiro?,"Bom dia!  A maioria das remessas da Brastel para o Brasil estão sendo realizadas via PIX. Assim, estão sendo pagas dentro de alguns minutos, se todos os dados estiverem corretos e a conta estiver apta a receber pagamentos via PIX. Qualquer dúvida estamos à disposição. Obrigado."
Como se inscrever,"Qual procedimento para abrir,cadastrar conta?","Bom dia,  Para se inscrever no serviço de remessa, por favor, baixe o aplicativo Brastel Remit e registre todos os dados solicitados. Assim vamos validar sua inscrição e você já poderá registrar os seus beneficiários. Com o app Brastel Remit você tera independência para fazer a remessa por conta propria e a qualquer horario https://brastelremit.jp/por/24h"
Problemas de remessa,Eu depositei 930mil pq não chegou ainda tudo?,"Bom dia. Por favor, poderia entrar no Menu do seu app e clicar: Taxas, Limites e Prazos de entrega? Verificando os dados que foram cadastrados, o numero da conta pode estar incorreto. Parece ser o numero do cartao do banco e nao da conta bancaria. Por gentileza, poderia verificar junto a sua beneficiaria? Tentamos contato via tel, porem nao tivemos sucesso. Por favor, caso o numero da conta estiver incorreto, nos informe para podermos solicitar a correcao no Brasil.  Ficarmos no aguardo. Muito obrigada."
Cadastro de beneficiario,Boa trde como faco para mudar da conta corrente para a poupanca do beneficiario,"Boa tarde. No seu app Barstel Remit, click em Menu >> Beneficiarios >> Escolha o beneficiario (click) >> EDITAR >>Faca as correcoes/atualizacoes e click em Proximo (se nao aparecer esse botao, click levente em qualquer lugar da sua tela e o botao ira aparecer) >> Va clicando no proximo ate apararecer SALVAR Qualquer outra dúvida estamos à disposição. Obrigado."
Confirmacao de cambio/taxas,"Boa tarde Gostaria de fazer uma remessa Valor 4mil reais ,quanto devo depositar no correio ?  ","Boa tarde. Para 4.000 reais = ¥123,286 + taxa do correio."
Confirmacao de cambio/taxas,Boa tarde 200 reais da que yens,"Boa tarde Para ser enviado BRL 200, deverá ser depositado ¥6,971, já com a taxa de remessa inclusa    "
Como se inscrever,Como posso me inscrever no serviço de remessa?,"Bom dia!  Para se inscrever no serviço de remessa, por favor, baixe o aplicativo Brastel Remit e registre todos os dados solicitados. Assim vamos validar sua inscrição e você já poderá registrar os seus beneficiários. Com o app Brastel Remit você tera independência para fazer a remessa por conta propria e a qualquer horario https://brastelremit.jp/por/24h"
Como fazer remessa,Olá gostaria de saber mais sobre como enviar dinheiro para o Brasil,"Bom dia,  Para se inscrever no serviço de remessa, por favor, baixe o aplicativo Brastel Remit e registre todos os dados solicitados. Assim vamos validar sua inscrição e você já poderá registrar os seus beneficiários. Com o app Brastel Remit você tera independência para fazer a remessa por conta propria e a qualquer horario https://brastelremit.jp/por/24h Para fazer o depósito, você pode solicitar um cartão de depósito ou poderá fazer a transferência direto da sua conta do correio. O passo a passo para ambos os depósitos estarão disponíveis no seu aplicativo.  Taxa de envio: Remessas até ¥30.000 taxa ¥880 De ¥30.001~¥300.000 taxa ¥1.480 De ¥300.001~¥800.000 taxa ¥1.680  Qualquer dúvida estamos à disposição. Obrigado."
Como se inscrever,"Oi, estou com dificuldade de preencher o formulário, gostaria de uma ajuda onegai",Temos vídeos que ajudam os clientes a fazerem as inscrições.  Com aparelhos de celulares com o novo sistema NFC e para aparelhos que não possuem o sistema NFC. -Com o sistema NFC: https://www.youtube.com/watch?v=U_jAVo2qYt4 -Sem o sistema NFC: https://www.youtube.com/watch?v=tc8yeWvQdlw&t=143s Qualquer dúvida estamos à disposição.  Obrigado
Como se inscrever,Como posso me inscrever no serviço de remessa?,"Boa tarde,  A inscrição deve ser feita via aplicativo Brastel Remit. https://brastelremit.jp/24h/#/por/ Qualquer dúvida estamos à disposição. Obrigado."
Confirmacao de cambio/taxas,Boa tarde para todos ? Então eu gostaria de saber quanto chega em y60 .000 no  já incluso a taxa? Muito obrigada pela atenção!,"Boa tarde. Hoje, 60.000 = BRL 1,925.36 reais ja com o valor da taxa de remessa incluido"
Confirmacao de cambio/taxas,Vc sabe ql valor tenho que depositar no vlor de 300 reais Em yene tenho que por qnts,"um momento BRL 300.00 ----> Na cotação de hoje: ¥9,999 (com a taxa de remessa inclusa)."
Confirmacao de cambio/taxas,Se enviar 100 mil hoje quantos chega no Brasil ?,3.241 reais incluindo a taxa de remessa
Confirmacao de cambio/taxas,5 mil yens da que real,"Hoje, 5.000 = BRL 135.55 reais, ja com o valor da taxa de remessa incluido"
Confirmacao de cambio/taxas,"Olá, boa tarde! Preciso fazer uma remessa no valor de 400 reais!  Poderia me passar o valor em yenes pra eu poder fazer o depósito? Desde já agradeço!",Boa tarde! R$400 -> 13039 ienes
Confirmacao de cambio/taxas,Boa tarde Enviar rs 2000 E rs 2500 quanto da yens,"Hoje, para 2.000 reais = ¥62,271 Ja com a taxa incluida. Para 2.500 reais = ¥77,468 ja com a taxa incluida."
Acesso a conta,"Boa tarde estou tendo problema com o pin eu não lembro a senha do Pin ,e por isso não consigo trocar a senha do pin e nem add beneficiário","Boa tarde!  Por favor, no aplicativo vá em: Menu -> Minha conta -> Alterar o PIN -> ""Esqueceu o PIN?"" serão dadas instruções para alteração do PIN R Colagrande Qualquer dúvida estamos à disposição. Obrigado."
Como se inscrever,Boa noite Gostaria de fazer um cadastro para poder mandar dinheiro para minha conta no Brasil,"Para se inscrever no serviço de remessa, por favor, baixe o aplicativo Brastel Remit e registre todos os dados solicitados. Assim vamos validar sua inscrição e você já poderá registrar os seus beneficiários. Com o app Brastel Remit você tera independência para fazer a remessa por conta propria e a qualquer horario https://brastelremit.jp/por/24h "
Confirmacao de cambio/taxas,"Boa noite! Gostaria de fazer uma remessa, para que chegue no Brasil R$500,00, qual valor que tenho que transferir em ienes. Obrigada fico no aguardo","Boa noite!  Seguindo a cotação de hoje, incluindo a taxa de remessa: R$ 500 -> 16078 ienes"
Tempo de remessa,Quanto tempo levará para o beneficiário receber o dinheiro?,"Plantão Especial Bom dia A maioria dos pagamentos estão sendo feitos via PIX. Os pagamentos feitos via PIX, geralmente são pagos no mesmo dia do envio da remessa, porém quando o PIX não for possível, o banco vai pagar via TED que nesse caso somente durtante o expediente bancário no Brasil. Qualquer dúvida estamos à disposição.  Obrigado"
Como se inscrever,Como posso me inscrever no serviço de remessa?,"Bom dia ,  Para se inscrever no serviço de remessa, por favor, baixe o aplicativo Brastel Remit e registre todos os dados solicitados. Assim vamos validar sua inscrição e você já poderá registrar os seus beneficiários. Com o app Brastel Remit você tera independência para fazer a remessa por conta propria e a qualquer horario https://brastelremit.jp/por/24h "
Como se inscrever,Como posso me inscrever no serviço de remessa?,"Para se inscrever no serviço de remessa, por favor, baixe o aplicativo Brastel Remit e registre todos os dados solicitados. Assim vamos validar sua inscrição e você já poderá registrar os seus beneficiários. Com o app Brastel Remit você tera independência para fazer a remessa por conta propria e a qualquer horariohttps://brastelremit.jp/por/24h "
Como fazer remessa,Como enviar dinheiro do Japão?,"Para se inscrever no serviço de remessa, por favor, baixe o aplicativo Brastel Remit e registre todos os dados solicitados. Assim vamos validar sua inscrição e você já poderá registrar os seus beneficiários. Com o app Brastel Remit você tera independência para fazer a remessa por conta propria e a qualquer horariohttps://brastelremit.jp/por/24hh "
Confirmacao de cambio/taxas,Quanto é a taxa do envio?,Taxa de envio: Remessas até ¥30.000 taxa ¥880 De ¥30.001~¥300.000 taxa ¥1.480 De ¥300.001~¥800.000 taxa ¥1.680
Tempo de remessa,E quanto tempo demora pro dinheiro cair na conta no Brasil?,"A maioria das remessas da Brastel para o Brasil estão sendo realizadas via PIX. Assim, estão sendo pagas dentro de alguns minutos, se todos os dados estiverem corretos e a conta estiver apta a receber pagamentos via PIX."
Regras do servico,E posso mandar pra minha conta no Brasil?,E você pode enviar para sua própria conta no Brasil.
Como se inscrever,Como posso me inscrever no serviço de remessa?,"Para se inscrever no serviço de remessa, por favor, baixe o aplicativo Brastel Remit e registre todos os dados solicitados. Assim vamos validar sua inscrição e você já poderá registrar os seus beneficiários. Com o app Brastel Remit você tera independência para fazer a remessa por conta propria e a qualquer horariohttps://brastelremit.jp/por/24hh "
Termos e condicoes do servico,Como enviar dinheiro do Japão?,"Para fazer o depósito, você pode solicitar um cartão de depósito ou poderá fazer a transferência direto da sua conta do correio. O passo a passo para ambos os depósitos estarão disponíveis no seu aplicativo."
Termos e condicoes do servico,Como enviar dinheiro do Japão?,"Para se inscrever no serviço de remessa, por favor, baixe o aplicativo Brastel Remit e registre todos os dados solicitados. Assim vamos validar sua inscrição e você já poderá registrar os seus beneficiários. Com o app Brastel Remit você tera independência para fazer a remessa por conta propria e a qualquer horariohttps://brastelremit.jp/por/24hh "
Tempo de remessa,Quanto tempo levará para o beneficiário receber o dinheiro?,"Bom dia A maioria dos pagamentos estão sendo feitos via PIX. Os pagamentos feitos via PIX, geralmente são pagos no mesmo dia do envio da remessa, porém quando o PIX não for possível, o banco vai pagar via TED que nesse caso somente durtante o expediente bancário no Brasil.  Qualquer dúvida estamos à disposição. "
Termos e condicoes do servico,E se é possível fazer remessas do Japão para o nubank no Brasil,"Para registrar a conta do Nubank é possível sim, a maioria dos bancos digitais são aceitos. Aguardamos o seu retorno. Obrigado!"
Confirmacao de cambio/taxas,Bom dia depositei ontem y59.000 quanto chega no Brasil  já incluindo a taxa? Muito e uma semana abençoada para todos vocês com muita saúde! Obrigada,"Bom dia,  O beneficiário recebeu o valor de 1,881.62 reais.  Qualquer dúvida estamos à disposição. Obrigado. Ótima semana!"
Confirmacao de cambio/taxas,Qual o valor inviamos para o Brasil,Bom dia Taxa de envio para o Brasil: Remessas até ¥30.000 taxa ¥880 De ¥30.001~¥300.000 taxa ¥1.480 De ¥300.001~¥800.000 taxa ¥1.680  Qualquer dúvida estamos à disposição.  Obrigado
Tempo de entrega do cartao,Gostaria de saber quanto tempo demora para receber meu cartão para efetuar operação por favor,Bom dia Demora o prazo de 4 dias úteis para chegar no seu endereço  Qualquer dúvida estamos à disposição.
Como se inscrever,Eu saber pra enviar dinheiro para o Brasil Vcs cobra juro ou não,"Bom dia,  Para se inscrever no serviço de remessa, por favor, baixe o aplicativo Brastel Remit e registre todos os dados solicitados. Assim vamos validar sua inscrição e você já poderá registrar os seus beneficiários. Com o app Brastel Remit você tera independência para fazer a remessa por conta propria e a qualquer horario https://brastelremit.jp/por/24h "
Como se inscrever,Bom dia Baixei o app da brastel Qual o procedimento agora,"Para se inscrever no serviço de remessa, por favor, baixe o aplicativo Brastel Remit e registre todos os dados solicitados. Assim vamos validar sua inscrição e você já poderá registrar os seus beneficiários. Com o app Brastel Remit você tera independência para fazer a remessa por conta propria e a qualquer horario https://brastelremit.jp/por/24h  Para fazer o depósito, você pode solicitar um cartão de depósito ou poderá fazer a transferência direto da sua conta do correio. O passo a passo para ambos os depósitos estarão disponíveis no seu aplicativo."
Confirmacao de cambio/taxas,As atualizacoes das cotacoes mudam uma vez por dia ou varias? Os dias das atualizações sao todos os dias da semana ou somente de segunda a sexta?,A cotação muda todos os dias a partir das 11:00 horas Qualquer dúvida estamos à disposição.
Confirmacao de cambio/taxas,"Bom dia,poderia me informar o valor em reais se eu enviar 25000 ¥ com a taxa inclusa","Bom dia,  ¥25,000--->R$790.20 com a taxa inclusa. Qualquer dúvida estamos à disposição.  Obrigado"
Confirmacao de cambio/taxas,"Oi,  Por favor, quanto yens, são 8 mil reais, hoje?.","8 mil reais da o valor de 245,673 yenes (incluindo a taxa de remessa)  Qualquer dúvida estamos à disposição."
Confirmacao de cambio/taxas,Bom dia vcs poderia me informar qto fica 150 reais com taxa é iens p mim fazendo um favor preciso mandar esse valor p Brasil,"Boa tarde,  ¥5,460 (com a taxa de remessa inclusa). Qualquer dúvida estamos à disposição. Obrigado."
Confirmacao de cambio/taxas,Boa tarde 250 reais Quanto preciso depositar correio Onegay,"Boa tarde,  Para chegar 250.00 reais, depositar ¥8.663 (com as taxas inclusas).  Qualquer dúvida estamos à disposição. Obrigado."
Confirmacao de cambio/taxas,Boa tarde!!!qto ta taxa de remessa??e como eu faço pra mandar?,Boa tarde! Taxa de envio para o Brasil: Remessas até ¥30.000 taxa ¥880 De ¥30.001~¥300.000 taxa ¥1.480 De ¥300.001~¥800.000 taxa ¥1.680
Confirmacao de cambio/taxas,Boa tare ? Gostaria d saber quanto chega y15.000 em real incluindo já a taxa? Fiz o depósito hj muito obrigada! Uma excelente semana para vocês também muito abençoada!,"Boa tarde! O beneficiário recebeu o valor de R$457,57.  Qualquer dúvida estamos à disposição. Obrigado."
Confirmacao de cambio/taxas,"68.000 ¥ com taxa de envio incluso, quanto é em reais?",68000 ienes : R$2171 incluindo a taxa de remessa na cotação de hoje.
Solicitacao de cartao de remessas,Ola gostaria saber como faço para adquirir um cartão de remessa,Para solicitar novo cartão: Menu -> Instruções de depósito -> Saiba mais e solicite Qualquer dúvida estamos à disposição. Obrigado.
Confirmacao de cambio/taxas,¥50.000 paga quanto de pra mandar,50000 ienes : R$1584 incluindo a taxa de remessa na cotação de hoje
Tempo de remessa,Quanto tempo levará para o beneficiário receber o dinheiro?,"Bom dia A maioria dos pagamentos estão sendo feitos via PIX. Os pagamentos feitos via PIX, geralmente são pagos no mesmo dia do envio da remessa, porém quando o PIX não for possível, o banco vai pagar via TED que nesse caso somente durtante o expediente bancário no Brasil. Qualquer dúvida estamos à disposição."
Registro/Atualizacao de Documento,Boa noite estou tentando scanear a foto do meu documento + não estou conseguindo vcs poderiam me ajudar?,"Bom dia,  Temos vídeos que ajudam os clientes a fazerem as inscrições.  Com aparelhos de celulares com o novo sistema NFC e para aparelhos que não possuem o sistema NFC. -Com o sistema NFC: https://www.youtube.com/watch?v=U_jAVo2qYt4 -Sem o sistema NFC: https://www.youtube.com/watch?v=tc8yeWvQdlw&t=143s Qualquer dúvida estamos à disposição. Obrigado."
Como depositar,Poderia me informar se e possivel realizar deposito nos caixas eletronico de conveniences,"Bom dia, No ATM do correio ou no verde do FamilyMart. Qualquer dúvida estamos à disposição. Obrigado."
Como se inscrever,Olá! Tudo bem gostaria fazer cadastro,"Bom dia,  Para se inscrever no serviço de remessa, por favor, baixe o aplicativo Brastel Remit e registre todos os dados solicitados. Assim vamos validar sua inscrição e você já poderá registrar os seus beneficiários. Com o app Brastel Remit você tera independência para fazer a remessa por conta propria e a qualquer horario https://brastelremit.jp/por/24h "
Confirmacao de cambio/taxas,"Bom dia, gostaria de saber quanto em yens eu preciso para chegar 120reais no Brasil incluso a taxa da Brastel obrigada LLLL","R$120,00 ----> ¥4,571 com taxa inclusa. Lembrando que a cotacao mudará às 10h40 am Qualquer dúvida estamos à disposição.  Obrigada"
Reembolso,Será que tem como volta o dinheiro pra minha conta ?,É possível solicitar o reembolso diretamente do app. Atente para a regra de que deverá requisitar o valor total do saldo do seu app. Será cobrada uma taxa fixa de 750 e somente serão aceitas contas de bancos japoneses. Siga o passo a passo abaixo: 1-entre no seu aplicativo 2-Clicar nas 3 linhas no canto esquerdo do App da Brastel. 3-minha conta 4-Reembolso Tenha em mãos a caderneta bancária. Qualquer dúvida estamos à disposição.
Reembolso,Demora pra cair o dinheiro?,o reembolso é processado no dia seguinte
Confirmacao de cambio/taxas,"Bom dia, quanto da 55.000 yenes no Brasil hj?","Bom dia R$1,742.17 com taxa inclusa"
Registro/Atualizacao de Documento,Olá meu nome é AAAAA ontem fiz o cadastro do plicativo pra remessa de dinheiro. E está pedindo cópia do RG do japão. Por onde devo enviar,"Basta ir em:  Menu > Minha conta > perfil Ai vai estar escrito la em bairo "" registrar my number """
Solicitacao de cartao de remessas,Gostaria de obter o cartão para de depósito na conta do correio,"Bom dia,  Infelizmente o seu cadastro foi cancelado devido ao não uso por mais de 2 anos.  Pedimos que, por gentileza, faça outra inscrição através do nosso aplicativo Qualquer dúvida estamos à disposição. Obrigado."
Como se inscrever,Como posso me inscrever no serviço de remessa?,"Boa tarde, Para se inscrever no serviço de remessa, por favor, baixe o aplicativo Brastel Remit e registre todos os dados solicitados. Assim vamos validar sua inscrição e você já poderá registrar os seus beneficiários. Com o app Brastel Remit você tera independência para fazer a remessa por conta propria e a qualquer horario https://brastelremit.jp/por/24h"
Confirmacao de cambio/taxas,Boa tarde fiz um depósito de 125mil transferir pra PPP SSS NNN Itaú conta corrente QuL valor que vai ser depositado?,Boa tarde Será enviado BRL4020
Como se inscrever,Como posso me inscrever no serviço de remessa?,"Para se inscrever no serviço de remessa, por favor, baixe o aplicativo Brastel Remit e registre todos os dados solicitados. Assim vamos validar sua inscrição e você já poderá registrar os seus beneficiários. Com o app Brastel Remit você tera independência para fazer a remessa por conta propria e a qualquer horario https://brastelremit.jp/por/24h"
Como fazer remessa,Como enviar dinheiro do Japão?,"Para fazer o depósito, você pode solicitar um cartão de depósito ou poderá fazer a transferência direto da sua conta do correio. O passo a passo para ambos os depósitos estarão disponíveis no seu aplicativo."
Tempo de remessa,Quanto tempo levará para o beneficiário receber o dinheiro?,"Via de regra, as remessas serão pagas via PIX dentro de algumas horas, se todos os dados estiverem corretos."
Como se inscrever,Eu gostaria de fazer cadastro para remessa para brasil fazer cartão de remessd,"Para se inscrever no serviço de remessa, por favor, baixe o aplicativo Brastel Remit e registre todos os dados solicitados. Assim vamos validar sua inscrição e você já poderá registrar os seus beneficiários. Com o app Brastel Remit você tera independência para fazer a remessa por conta propria e a qualquer horario https://brastelremit.jp/por/24h  "
Confirmacao de cambio/taxas,300 reais da que yens,"Bom dia R$300,00 ----> ¥10,024 taxa inclusa. Lembrando que a cotacao pode mudar as 10:40 am "
Como se inscrever,Como posso me inscrever no serviço de remessa?,"Para se inscrever no serviço de remessa, por favor, baixe o aplicativo Brastel Remit e registre todos os dados solicitados. Assim vamos validar sua inscrição e você já poderá registrar os seus beneficiários. Com o app Brastel Remit você tera independência para fazer a remessa por conta propria e a qualquer horario https://brastelremit.jp/por/24h  "
Confirmacao de cambio/taxas,Boa tarde quanto tá chegando no Brasil hoje 250000yenes?,"Boa tarde! ¥250,000 = BRL 8,102.33 com taxa de envio incluída"
Tempo de remessa,Quanto tempo levará para o beneficiário receber o dinheiro?,"A maioria dos pagamentos estão sendo feitos via PIX. Os pagamentos feitos via PIX, geralmente são pagos no mesmo dia do envio da remessa, porém quando o PIX não for possível, o banco vai pagar via TED que nesse caso somente durtante o expediente bancário no Brasil. Qualquer dúvida estamos à disposição."
Registro/Atualizacao de Documento,Boa noite não consigo fazer meu cadastro quando chega na hora de tirar a goto do verso do meu documento Foto Nao bate,"Bom dia,  Temos vídeos que ajudam os clientes a fazerem as inscrições.  Com aparelhos de celulares com o novo sistema NFC e para aparelhos que não possuem o sistema NFC. - Com o sistema NFC: https://www.youtube.com/watch?v=U_jAVo2qYt4 - Sem o sistema NFC: https://www.youtube.com/watch?v=tc8yeWvQdlw&t=143s Qualquer dúvida estamos à disposição. Obrigado."
Confirmacao de cambio/taxas,"Fiz um deposito de ¥5,000 Qual o valor em reais ?  Obrigada","Bom dia R$ 134,00 "
Confirmacao de cambio/taxas,"Ola bom dia 320,00 sao quantos yenes hoje","Hoje, para 320 reais = ¥10,668 ja com o valor da taxa de remessa incluido."
Como se inscrever,Como enviar dinheiro do Japão?,"Boa tarde. Sera necessario efetuar a inscricao pelo app Brastel Remit. Para se inscrever no serviço de remessa, por favor, baixe o aplicativo Brastel Remit e registre todos os dados solicitados. Assim vamos validar sua inscrição e você já poderá registrar os seus beneficiários. Com o app Brastel Remit você tera independência para fazer a remessa por conta propria e a qualquer horario https://brastelremit.jp/por/24h "
Tempo de remessa,Quanto tempo levará para o beneficiário receber o dinheiro?,"Normalmente, demora de 1 a 3 dias. Porem, quando possivel, sera feito o pagamento via PIX."
Confirmacao de cambio/taxas,Boa tarde 500 reais na cotação de hoje quando seria em yen por favor,"Boa tarde Para ser enviado BRL 500, deve ser depositado ¥16,171, já com a taxa de remessa inclusa"
Registro/Atualizacao de Documento,Boa tarde Estou desde ontem tentando fazer o cadastro com vcs Porém não estou conseguindo. Quando chega no momento da foto aparece uma observação e não segue,"Bom dia,  Temos vídeos que ajudam os clientes a fazerem as inscrições.  Com aparelhos de celulares com o novo sistema NFC e para aparelhos que não possuem o sistema NFC. - Com o sistema NFC: https://www.youtube.com/watch?v=U_jAVo2qYt4 - Sem o sistema NFC: https://www.youtube.com/watch?v=tc8yeWvQdlw&t=143s Qualquer dúvida estamos à disposição. Obrigado."
Como se inscrever,Como enviar dinheiro do Japão?,"Para se inscrever no serviço de remessa, por favor, baixe o aplicativo Brastel Remit e registre todos os dados solicitados. Assim vamos validar sua inscrição e você já poderá registrar os seus beneficiários. Com o app Brastel Remit você tera independência para fazer a remessa por conta propria e a qualquer horario https://brastelremit.jp/por/24h  "
Como se inscrever,Como. Eu. Faço. Pra. Casdrra. No. Aplicativo para smartphones do servico de remessas?,"Para se inscrever no serviço de remessa, por favor, baixe o aplicativo Brastel Remit e registre todos os dados solicitados. Assim vamos validar sua inscrição e você já poderá registrar os seus beneficiários. Com o app Brastel Remit você tera independência para fazer a remessa por conta propria e a qualquer horario https://brastelremit.jp/por/24h  "
Cadastro de beneficiario,Como faso pra corrigor este erro,"lantão Especial  Bom dia No seu app Barstel Remit, click em Menu >> Beneficiarios >> Escolha o beneficiario (click) >> EDITAR >>Faca as correcoes/atualizacoes e click em Proximo (se nao aparecer esse botao, click levente em qualquer lugar da sua tela e o botao ira aparecer) >> Va clicando no proximo ate apararecer SALVAR.  Qualquer dúvida estamos à disposição.  Obrigado"
Confirmacao de cambio/taxas,Bom dia 25mil da que valor hoje ?? Se manda,"Plantão Especial  Bom dia ¥25,000--->R$792.78 com taxa inclusa. Lembrando que a cotacao pode mudar as 10:40 am Qualquer dúvida estamos à disposição.  Obrigado"
Tempo de entrega do cartao,Olá quando vou receber a segunda via do cartão verde do yucho?,"Foi requisitado um novo YUCHO card ao senhor, que deve chegar dentro de 3 a 4 dias úteis, a partir de segunda-feira. Qualquer dúvida estamos à disposição. Obrigado."
Confirmacao de cambio/taxas,Boa tarde fiz um depósito de 23mil transferir pra Priscilla Silva Nunes Itaú conta corrente Por favor E qual valorais vai depositar Por favor,Boa tarde! Vai chegar R$727 ok? incluindo as taxas de remessa na cotação de hoje
Como fazer remessa,Como enviar dinheiro do Japão?,"Para se inscrever no serviço de remessa, por favor, baixe o aplicativo Brastel Remit e registre todos os dados solicitados. Assim vamos validar sua inscrição e você já poderá registrar os seus beneficiários. Com o app Brastel Remit você tera independência para fazer a remessa por conta propria e a qualquer horario https://brastelremit.jp/por/24h  "
Como fazer remessa,Como enviar dinheiro do Japão?,"Para se inscrever no serviço de remessa, por favor, baixe o aplicativo Brastel Remit e registre todos os dados solicitados. Assim vamos validar sua inscrição e você já poderá registrar os seus beneficiários. Com o app Brastel Remit você tera independência para fazer a remessa por conta propria e a qualquer horario https://brastelremit.jp/por/24h  "
Tempo de remessa,Quanto tempo levará para o beneficiário receber o dinheiro?,"Via de regra, as remessas serão pagas via PIX dentro de algumas horas, se todos os dados estiverem corretos."
Como se inscrever,Como fazer o cadastro,"Para se inscrever no serviço de remessa, por favor, baixe o aplicativo Brastel Remit e registre todos os dados solicitados. Assim vamos validar sua inscrição e você já poderá registrar os seus beneficiários. Com o app Brastel Remit você tera independência para fazer a remessa por conta propria e a qualquer horario https://brastelremit.jp/por/24h "
Como se inscrever,Como posso me inscrever no serviço de remessa?,"Para se inscrever no serviço de remessa, por favor, baixe o aplicativo Brastel Remit e registre todos os dados solicitados. Assim vamos validar sua inscrição e você já poderá registrar os seus beneficiários. Com o app Brastel Remit você tera independência para fazer a remessa por conta propria e a qualquer horario https://brastelremit.jp/por/24h  "
Como se inscrever,Como posso me inscrever no serviço de remessa?,"Para se inscrever no serviço de remessa, por favor, baixe o aplicativo Brastel Remit e registre todos os dados solicitados. Assim vamos validar sua inscrição e você já poderá registrar os seus beneficiários. Com o app Brastel Remit você tera independência para fazer a remessa por conta propria e a qualquer horario https://brastelremit.jp/por/24h  "
Como se inscrever,Como posso me inscrever no serviço de remessa?,"Para se inscrever no serviço de remessa, por favor, baixe o aplicativo Brastel Remit e registre todos os dados solicitados. Assim vamos validar sua inscrição e você já poderá registrar os seus beneficiários. Com o app Brastel Remit você tera independência para fazer a remessa por conta propria e a qualquer horario https://brastelremit.jp/por/24h  "
Como se inscrever,Como posso me inscrever no serviço de remessa?,"Para se inscrever no serviço de remessa, por favor, baixe o aplicativo Brastel Remit e registre todos os dados solicitados. Assim vamos validar sua inscrição e você já poderá registrar os seus beneficiários. Com o app Brastel Remit você tera independência para fazer a remessa por conta propria e a qualquer horario https://brastelremit.jp/por/24h  "
Como se inscrever,Como. Faço. Pra. Fazer. O. Cadastro?,Bom dia!  A inscrição deve ser feita através do aplicativo Brastel Remit.  https://brastelremit.jp/24h/#/por/  Qualquer dúvida estamos à disposição. Obrigado.
Cadastro de beneficiario,"Boa noite,estou precisando fazer um novo cartao para outro beneficiario ,como faco","Bom dia, ! C#3249042 DADOS DO BENEFICIÁRIO  NOME COMPLETO: GRAU DE PARENTESCO: ENDEREÇO NO BRASIL: (Cidade e Estado apenas) CIDADE: ESTADO: TEL.DE CONTATO NO BRASIL: NOME DO BANCO: NÚMERO DA AGÊNCIA: NOME DA AGÊNCIA: (caso não tenha, deixar em branco NúMERO DA CONTA: TIPO DE CONTA(corrente ou poupança): NÚMERO DO CPF:"
Tempo de entrega do cartao,"Bom dia ,quanto tempo leva para chegar o cartão?",Bom dia  Após o cadastro ficar ativo demora o prazo de 3 á 4 dias úteis Qualquer dúvida estamos à disposição.
Atualizacao de dados cadastrais,"Bom dia ,gostaria de saber como fazer a mudança de endereço pelo app ?","Olá, bom dia  Basta ir em:  Menu > Minha conta > Perfil > e quando aparecer o seu endereço voce clica em "" editar "" Vai pedir a foto frente e verso do zairyu com o endereço atualizado Qualquer dúvida estamos à disposição."
Confirmacao de cambio/taxas,"Vcs estão cobrando só de para enviar dinheiro para o Brasil 880 yenes. Está muito caro, vou procurar outra agência",Essas são as taxas de envio para o Brasil:  Remessas até ¥30.000 taxa ¥880 De ¥30.001~¥300.000 taxa ¥1.480 De ¥300.001~¥800.000 taxa ¥1.680 Qualquer dúvida estamos à disposição.
Como depositar,Tem como mandar dinheiro sem o cartão do correio?,"Bom dia,  Você poderá colocar o valor da remessa no saldo do seu aplicativo por meio do cartão de depósito ou então com seu cartão do banco, ambos passo a passo estão no app.  1. Clicar nas 3 linhas no canto esquerdo do App da Brastel 2. Instruções de depósito 3. Cartão Yucho (cartão da Brastel) ou transferencia bancária (conta no correio) 4. Selecionar o ATM 5. Seguir o passo a passo, exatamente como está no App.  Qualquer dúvida estamos à disposição. Obrigado."
Atualizacao de dados cadastrais,Boa noite preciso alterar o meu endereço no app,"Bom dia  Basta ir em:  Menu > Minha conta > Perfil > e clicar em "" editar "" embaixo do seu endereço Qualquer dúvida estamos à disposição."
Como fazer remessa,Bom dia Poderia me passa o passo a passo para fazer a remessa,"Siga o passo a passo para enviar dinheiro pelo app:  1-Ao fazer o deposito com o cartão que a brastel enviou ou com o cartão do seu banco (transferencia) o valor entra no saldo do aplicativo da brastel remit 2- Verifique na tela inicial ""Meu saldo"". 3- Registre no seu aplicativo para quem deseja enviar: Clicar nas 3 linhas no canto esquerdo do App da Brastel > beneficiario > adicionar beneficiario. 4- Na tela inicial aparecerá o nome do beneficiário: Ex: João -------- *Enviar dinheiro*( Clicar em cima do enviar dinheiro ao lado do nome do beneficiário). 5- Aparece a bandeira do japão e ao lado digite o valor que deseja enviar e logo abaixo na bandeira aparece o valor em reais que a beneficiária irá receber. 6- Abaixo coloque a fonte de recurso. 7- Motivo da remessa E clica em próximo para prosseguir. Qualquer dúvida estamos à disposição. Obrigado."
Confirmacao de cambio/taxas,"Bom dia! Realizei um depósito na Brastel no valor de 87.188¥. Gostaria de saber qual o vlr que a beneficiária irá receber, por favor?","Bom dia,  A beneficiária irá receber 2,815.61 Qualquer dúvida estamos à disposição. Obrigado."
Confirmacao de cambio/taxas,Bom dia Efetuei transferência 76000 Favor informar valor da transação Obrigado,"Bom dia!  O valor a receber é de 2.448,07 (reais) Qualquer dúvida estamos à disposição. Obrigado."
Como se inscrever,Quero. Fazer. A. Escricao. E. Fazer. Uma. Remessa. Pro. Brasil,Bom dia!  A inscrição deve ser feita através do aplicativo Brastel Remit.  https://brastelremit.jp/24h/#/por/  Qualquer dúvida estamos à disposição. Obrigado.
Solicitacao de cartao de remessas,Eu. Não. Tenho. O. Cartão. Se. Remessa. Do. Familha. Mart,"Boa tarde!  Após a inscrição ser aprovada, você receberá um cartão de depósito num prazo de 3 a 4 dias uteis.  Você poderá colocar o valor da remessa no saldo do seu aplicativo por meio desse cartão de depósito ou então com seu cartão do banco, ambos passo a passo estão no app.  Para registrar o beneficiário é possível enviar um formulário para que o próprio se registre ou você mesmo o registre.  Dessa forma, com o valor no saldo e os beneficiários registrados, já é possível enviar as remessas.  As remessas no Brasil estão enviando pagamentos via PIX e chegam no mesmo dia para o beneficiário."
Atualizacao de dados cadastrais,Obrigado como faço correção cadastro ?,MENU >> Beneficiarios >> click no nome do beneficiario >> EDITAR >> Efetueu a correcao >> Proximo >> Proximo >> Salvar. Qualquer dúvida estamos à disposição. Obrigado.
Confirmacao de cambio/taxas,Boa tarde Hoje quanto seria 810 reais para o Brasil,"Boa tarde 810 reais da o valor de 25,538 yenes (incluindo a taxa de remessa) Qualquer dúvida estamos à disposição."
Confirmacao de cambio/taxas,Boa tarde poderia passar os valores das remessas com taxa  3.370,"Hoje,  3.370 = ¥104,066 Ja com o valor da taxa de remessa incluido."
Confirmacao de cambio/taxas,Boa tarde hoje 400 reais daria quando ynes?,"Boa tarde,  ¥13,057 incluindo a taxa de remessa."
Confirmacao de cambio/taxas,Boa tarde gostaria de saber quanto chega y17.000 já incluindo a taxa quanto chega em real? Obrigada,"Boa tarde!  17 mil ienes : R$525 incluindo as taxas de remessa e depósito, na cotação de hoje"
Cadastro de beneficiario,Boa tarde me tira uma duvida tem como excluir uma conta do aplicativo da Brastel ?,Boa tarde! Para editar/excluir beneficiários:  Menu -> Beneficiários -> Clicar no beneficiário que será alterado -> Editar Qualquer dúvida estamos à disposição. Obrigado.
Registro/Atualizacao de Documento,Como tirar foto do meu Zai card?,"Boa tarde!  Quando o aplicativo pedir, vai abrir um espaço no qual o Zairyu card precisa estar enquadrado para que seja validado. Qualquer dúvida estamos à disposição. Obrigado."
Confirmacao de cambio/taxas,"Boa tardw Tarde Quanto valor rs 7500 e.7,300 Quanto yen Hoje",Boa tarde! Gostaria de saber o valor dessa quantia em ienes?  R$7500 : 229.783 ienes R$7300 : 223.695 ienes  Na cotação de hoje
Confirmacao de cambio/taxas,Boa tarde 500 reais na cotação de hoje quando seria em yen por favor,"Para ser entregue BRL 500, deve ser depositado ¥16,101, já com a taxa de remessa inclusa"
Tempo de entrega do cartao,Olá meu cartão laranja eu não recebi ainda!!,"A sra. efetuou o pedido hoje. Demora em torno de 4~5 dias uteis para recebe-lo em sua residencia. Por favor, poderia aguardar? Qualquer outra duvida, por favor, entre em contato. Estaremos a disposicao. Uma otima semana."
Confirmacao de cambio/taxas,Olá Boa tarde Quanto que chega no Brasil 800 mil hoje?,"Boa tarde!  Na cotação de hoje, incluindo a taxa de remessa: 800.000 ienes : BRL 26.225 Qualquer dúvida estamos à disposição. Obrigado."
Como depositar,Boa noite Sou cliente do serviço de vossa empresa Utilizo o app para efetuar as remessas para minhas contas cadastradas no app Como faço para fazer transferência para conta utilizando minha conta do correio via app,"Boa noite! no próprio aplicativo, no Menu, consta o manual de transferência de conta a conta Menu > Instruções de Depósito > Transferência Bancária > Japan Bank Post > escola o ATM... no passo 14 consta o seu código em vermelho que o cliente deve colocar no  deve colocar como indicado na imagem*"
Registro/Atualizacao de Documento,Boa noite !como eu faço pra manda a foto do documento pra atualizar meu aplicativo ?,Boa noite! Em seu aplicativo:  Menu -> Minha conta -> Perfil -> Atualizar documento
Confirmacao de cambio/taxas,Olá bom dia Eu quero mandar para o Brasil 1.700 reais Quanto teria que ser em ienes ?,"Bom dia R$1.700,00 ---> ¥52,674 com taxa inclusa.  Lembrando que depois das 10:40 am cotação vai mudar."
Confirmacao de cambio/taxas,"Olá. Bom dia! Eu preciso fazer um depósito para que chegue no brasil um valor de 1300 reais. Qual valor eu preciso depositar, já com as taxas inclusas?","Bom dia,  Sua conversão neste momento ficaria no valor de ¥ ¥40,628 --> R$ 1,300 (valor com a taxa de remessa inclusa)  A depender do horário que fizer, podem haver mudanças na cotação e não garantimos o valor informado. As informações exatas são enviadas por email, ou poderá verificar o seu histórico no website/aplicativo Qualquer dúvida estamos à disposição. Obrigado."
Confirmacao de cambio/taxas,Qt vcs cobram p enviar dinheiro p o Brasil?,Boa tarde Taxa de envio para o Brasil: Remessas até ¥30.000 taxa ¥880 De ¥30.001~¥300.000 taxa ¥1.480 De ¥300.001~¥800.000 taxa ¥1.680 Qualquer dúvida estamos à disposição.  Obrigada
Confirmacao de cambio/taxas,Bom dia 560 reais Tenho depositar quanto correio,"Boa tarde, ¥17,976 incluindo as taxas Qualquer dúvida estamos à disposição. Obrigado."
Confirmacao de cambio/taxas,Boa tarde. Qnto ficaria pra mandar 300 real no aplicativo,"Hoje, para chegar o valor de 300 reais, sera necessario depositar com o cartao, o valor de 10.098 ja com a taxa de remessa e do correio incluidas."
Confirmacao de cambio/taxas,"Boa tarde Poderia me dizer quanto ficaria 1,600 reais em yenes já com as taxas ? Onegai","Boa tarde!  R$ 1600 : ¥49,966 incluindo a taxa de remessa."
Confirmacao de cambio/taxas,Ola 700 reais mudou alguma coisa,"Para chegar BRL 700, deve ser depositado ¥22,093, já com a taxa de remessa inclusa na cotação de hoje"
Confirmacao de cambio/taxas,Olá No caso hoje qual o valor que chega no Brasil 800 mil ienes?,"¥800,000 (incluindo a taxa de remessa) ----> 26,665.42 (reais). Qualquer dúvida estamos à disposição. Obrigado. Boa tarde!"
Cadastro de beneficiario,Qual os documentos por favor,"Boa tarde!  Por favor poderia nos enviar os seguintes dados:  DADOS DO BENEFICIÁRIO  NOME COMPLETO: GRAU DE PARENTESCO: ENDEREÇO NO BRASIL: (Cidade e Estado apenas) CIDADE: ESTADO: TEL.DE CONTATO NO BRASIL: NOME DO BANCO: NÚMERO DA AGÊNCIA: NOME DA AGÊNCIA: (caso não tenha, deixar em branco NúMERO DA CONTA: TIPO DE CONTA(corrente ou poupança): NÚMERO DO CPF:"
Registro/Atualizacao de Documento,"Boa tarde , estou tentando ler meu cartão zairyu mais o NFC nao funciona como devo proceguir ?","Boa tarde!  Na maioria dos aparelhos o leitor está localizado na parte superior. Por favor, tente inclinar o celular de modo que a parte superior do seu celular fique bem próximo ao seu zairy card, e mantenha a posição por alguns segundos até que carregue a informação. Temos vídeos que ajudam os clientes a fazerem as inscrições.  Com aparelhos de celulares com o novo sistema NFC e para aparelhos que não possuem o sistema NFC. - Com o sistema NFC: https://www.youtube.com/watch?v=U_jAVo2qYt4 - Sem o sistema NFC: https://www.youtube.com/watch?v=tc8yeWvQdlw&t=143s Qualquer dúvida estamos à disposição. Obrigado."
Termos e condicoes do servico,"Boa tarde gostaria de saber se vcs enviam dinheiro para a Índia  aguardo a resposta,obrigado","Boa tarde,  Sim, também enviamos para a Índia.  Por favor, click no link abaixo e poderá verificar quais países estão na nossa lista. https://brastelremit.jp/por/simulator  ---> Click em Tarifas e limites para informações adicionais sobre os países. Qualquer dúvida estamos à disposição. Obrigado."
Confirmacao de cambio/taxas,"Boa tarde Gostaria de saber a cotação pra 30,000¥ sem a taxa, por favor","Boa tarde,  30,000 ienes pagando a taxa a parte: 1,002 reais."
Confirmacao de cambio/taxas,"Vc poderia estar me passando o valor de 20,000¥ em real","Com a cotação de hoje, incluindo as taxas de remessa:  20 mil ienes : R$638"
Cadastro de beneficiario,"Bom dia Eu já tenho cartão brastel pra enviar pra minha filha Eu preciso fazer um pra minha conta Poderia me ajudar, por favor","DADOS DO BENEFICIÁRIO  NOME COMPLETO: GRAU DE PARENTESCO: ENDEREÇO NO BRASIL: (Cidade e Estado apenas) CIDADE: ESTADO: TEL.DE CONTATO NO BRASIL: NOME DO BANCO: NÚMERO DA AGÊNCIA: NOME DA AGÊNCIA: (caso não tenha, deixar em branco NúMERO DA CONTA: TIPO DE CONTA(corrente ou poupança): NÚMERO DO CPF:"
Tempo de entrega do cartao,Obrigada Tem previsão de chegar o cartão?,"Por favor, aguarde que ira receber o seu cartao dentro de 4~5 dias uteis. Qualquer dúvida estamos à disposição. Obrigado. Uma otima tarde."
Confirmacao de cambio/taxas,Boa tarde fiz um depósito de 33.500  Qual valor que vai dar por favor,"Boa tarde. Chegara o valor de 1,069.53 reais. Iremos processar a sua solicitacao. Muito obrigada."
Como se inscrever,Boa tarde Qual o procedimento para enviar valores para o Brasil?,"Para se inscrever no serviço de remessa, por favor, baixe o aplicativo Brastel Remit e registre todos os dados solicitados. Assim vamos validar sua inscrição e você já poderá registrar os seus beneficiários. Com o app Brastel Remit você tera independência para fazer a remessa por conta propria e a qualquer horario https://brastelremit.jp/por/24h  "
Confirmacao de cambio/taxas,Ola O valor transferido foi 30.640 Me confirme por favor o valor e que chegará em reais,"Chegará R$ 1002 desculpe, por favor ignore a mensagem acima chegará R$994"
Confirmacao de cambio/taxas,"Bom Dia! Acabei de fazer um depósito de ¥ 151.480, favor enviar ao Brasil o valor de ¥150.000 Pode me passar o valor em Real que vai. Chegar no Brasil ",5.019 reais
Confirmacao de cambio/taxas,Boa tarde quanto tá hoje pra mandar 1.000 reais ?,"Boa tarde. Hoje, para 1.000 reais = ¥30,820 ja com a taxa de remessa incluida."
Confirmacao de cambio/taxas,130 mil da quantos pra enviar hoje no Brasil?,"Boa tarde!  4,292 reais incluindo a taxa de remessa. Vamos aguardar o seu depósito para processar a remessa. Obrigado."
Solicitacao de cartao de remessas,"Favor enviar cartão laranja , onegaishimasu",Bom dia Para solicitar o cartão laranja no aplicativo:  Menu - > Instruções de depósito -> Saiba mais e solicite Qualquer dúvida estamos à disposição.  Obrigado
Confirmacao de cambio/taxas,50 mil yens da que reAl,"¥50,000 (com a taxa de remessa inclusa) ---> BRL 1,606.11"
Confirmacao de cambio/taxas,Preciso que chega lá mil reais qual valor do depósito?,para: R$1000 : 31.691 ienes incluindo as taxas de remessa.
Confirmacao de cambio/taxas,Oi Boa noite Quanto que chega no Brasil ¥25 mil yenes,"Boa noite Ao depositar ¥25,000, será enviado BRL 798, já com a taxa de remessa inclusa"
Tempo de remessa,Quanto tempo levará para o beneficiário receber o dinheiro?,"A maioria dos pagamentos estão sendo feitos via PIX. Os pagamentos feitos via PIX, geralmente são pagos no mesmo dia do envio da remessa, porém quando o PIX não for possível, o banco vai pagar via TED que nesse caso somente durante o expediente bancário no Brasil."
Confirmacao de cambio/taxas,Oi bom dia no dia de ontem Eu depositei 60.000 ienes para cair na conta do Brasil  E por gentileza me mande o valor,"A beneficiária receberá 1,937.13 Qualquer dúvida estamos à disposição. Obrigado."
Confirmacao de cambio/taxas,Boa tarde Se eu enviar hoje 40 mil yes Quanto que vai chegar no Brasil hoje,"Bom dia A maioria dos pagamentos estão sendo feitos via PIX. Os pagamentos feitos via PIX, geralmente são pagos no mesmo dia do envio da remessa, porém quando o PIX não for possível, o banco vai pagar via TED que nesse caso somente durtante o expediente bancário no Brasil."
Tempo de remessa,Fi uma remessa e gostaria de saber qdo vai cair,"Via de regra, as remessas serão pagas via PIX dentro de algumas horas, se todos os dados estiverem corretos."
Confirmacao de cambio/taxas,Bom dia 100 mil Ienes sem taxa quanto chega no Brasil?,"Bom dia,  ¥100,000 -----> BRL 3,310.19 Qualquer dúvida estamos à disposição. Obrigado."
Confirmacao de cambio/taxas,Por favor vcs vê mil reais Aí depois por favor 700 reais,"Bom dia R$1.00,00 ---> ¥31,691 com taxa inclusa. R$700,00 -->¥22,028 com taxa inclusa"
Confirmacao de cambio/taxas,Bom dia eu gostaria de saber quanto é 450.000pra mandar pro Brasil real desde já agradeço,"Bom dia,  450.000 ---->R$14,840.26 com taxa inclusa."
Confirmacao de cambio/taxas,Bom dia Quanto fica em ienes para mandar para chegar 1300 reais ou 1500 reais por favor fico aguardando,"Bom dia R$1.300,00 ---> ¥40,754 com taxa inclusa.  R$1.500,00 ---->¥46,796 com taxa inclusa. Qualquer dúvida estamos à disposição.  Obrigado"
Registro/Atualizacao de Documento,Bom dia. Estou entrando em contato pois mudei de endereço. Zayrucard já está atualizado,"Basta ir em:  Menu > Minha conta > Perfil > e clicar em "" editar "" embaixo do seu endereço"
Confirmacao de cambio/taxas,Boa tarde td bm Vc poderia me informar qual a taxa para estar enviando 150 mil yens?,Boa tarde!  Taxa de envio para o Brasil: Remessas até ¥30.000 taxa ¥880 De ¥30.001~¥300.000 taxa ¥1.480 De ¥300.001~¥800.000 taxa ¥1.680
Confirmacao de cambio/taxas,Qto da 1000 reais,"Boa tarde,  Para enviar 1,000 ----> ¥31,691 (com a taxa de remessa inclusa)> Qualquer dúvida estamos à disposição. Obrigado."
Confirmacao de cambio/taxas,"Oi boa tarde tudo bem ? 850,00 sao quantos yenes por favor ?","Boa tarde!  R$ 850,00 : ¥26,559 Incluindo as taxas de remessa na cotação de hoje"
Confirmacao de cambio/taxas,"Bom dia  Por favor poderia fazer o envio de ¥28,000 Qual o valor disponivel em reais ? ","Bom dia, 895 reais Vamos processar. Obrigado."
Cancelamento,"Bom dia , fiz uma remessa por engano , em uma conta que foi cancelada no Brasil . Gostaria de saber quais procedimentos? Obrigado!","Bom dia O pedido de cancelamento foi solicitado.  Por favor,aguarde."
Tempo de remessa,Bom dia quanto tempo demora para chegar uma remessa,"Bom dia,  Em geral as remessas são pagas no mesmo dia, até o final do expediente bancário no Brasil.  Qualquer dúvida estamos à disposição. Obrigado."
Confirmacao de cambio/taxas,Bom dia Eu vou mandar 80.000 yen por favor quando daria em reais?,"Bom dia!  80.000 ienes: 2,595 reais incluindo a taxa de remessa"
Confirmacao de cambio/taxas,Oi boa tarde 500 mil yens tá chegando quanto no Brasil hj?,"Boa tarde. Hoje, para 500.000 = BRL 16,469.68 ja com o valor da taxa de remessa incluido."
Confirmacao de cambio/taxas,Bm dia Boa tarde 30 mil yens da que real,"Boa tarde, 962 reais incluindo a taxa de remessa."
Tempo de entrega do cartao,"Desculpe me , esqueci de perguntar quanto tempo para chegar o cartão de depósito! foi pedido hoje","Sobre o seu pedido, levara em torno de 4~5 dias uteis para receber os cartoes na sua residencia."
Como depositar,Boa tarde Gostaria de receber o passo a passo de como inserir dinheiro no cartão laranja da Brastel Pelo kombini,O passo a passo está disponível no app: menu -> instruções de depósito -> cartão brastel remit -> ATM Compacto do Japan Post Bank
Cadastro de beneficiario,Como ela faz para me enviar o link para preencher os dados do destinatário?,Menu -> beneficiários -> adicionar beneficiários -> enviar formulário para o beneficiários
Confirmacao de cambio/taxas,Gostaria de saber quanto e necessário eu mandar para o Brasil em Inés para chegar lá 15000 reais qual a cotação do dólar hoje aqui e a do Brasil por favor,"Boa tarde!  Na cotação de hoje, incluindo as taxas de remessa:  R$15000 : 455534 ienes"
Cadastro de beneficiario,Bom dia ou boa noite gostaria de saber qual o procedimento para enviar dinheiro para Índia ?? por favor,Boa noite O procedimento do envio é o mesmo Basta adicionar o beneficiário com os dados corretos
Como fazer remessa,Por favor vocês teriam um tutorial de como mandar dinheiro do app do correio para a conta de vocês para mim poder fazer a remessa para o Brasil ?,Boa noite! No próprio aplicativo é possível encontrar esse tutorial:  Menu -> Instruções de depósito
Cadastro de beneficiario,Vocês tem pix o app de vocês pra mandar dinheiro pro Brasil  E que eu já tenho o aplicativo Brastel queri fazer remessa via pix e que eu vou fazer um consórcio no Brasil será que dá pra mandar ?,"Boa noite Para enviar remessa para o Brasil, é necessário cadastrar os dados bancários completo do beneficiário: nome do banco, agência, número da conta, tipo de conta e dados pessoais do beneficiário (endereço, cpf, etc)"
Confirmacao de cambio/taxas,500 reais Quanto preciso depositar correio,"Bom dia,  Sua conversão neste momento ficaria no valor de ¥16.283 -> R$500,00 (valor com as taxas inclusa) Qualquer dúvida estamos à disposição. Obrigado."
Confirmacao de cambio/taxas,Bom dia 800 mil chega quanto no Brasil hoje?,"Bom dia R$26,106.32 -->com taxa inclusa."
Confirmacao de cambio/taxas,Boa tarde quantos da 18m ienes hoje?,"Boa tarde,  ¥18,000 (com a taxa de remessa inclusa) --> R$559.85 Qualquer dúvida estamos à disposição. Obrigado."
Confirmacao de cambio/taxas,Agora foi Foi feito uma Remessa de ¥32.000 dia 22 Quanto vai cair??,"O valor que o beneficiário irá receber é de 1,010.27. Em geral as remessas são pagas no mesmo dia"
Tempo de remessa,Quanto tempo levará para o beneficiário receber o dinheiro?,"Boa tarde, A maioria das remessas da Brastel para o Brasil estão sendo realizadas via PIX. Assim, estão sendo pagas dentro de alguns minutos, se todos os dados estiverem corretos e a conta estiver apta a receber pagamentos via PIX. Qualquer dúvida estamos à disposição. Obrigado."
Confirmacao de cambio/taxas,22mil vai da qual valor??,22 mil ienes: 690 reais incluindo a taxa de remessa.
Confirmacao de cambio/taxas,Boa tarde quanto tá hoje 2.000 reais em yen?,"Boa tarde Para chegar BRL 2,000, deve ser depositado ¥62,640, já com a taxa de remessa inclusa"
Reembolso,Boa tarde gostaria de saber no caso eu tenho SALDO eu consigo fazer o saque?,"O sr consegue realizar o reembolso para a sua conta no Japão quando há saldo no app da Brastel, com uma taxa. Pode ser solicitado no app: Menu ->minha conta -> reembolso"
Tempo de remessa,"sabe me dizer, quanto tempo vai demorar??? e que a pessoa estar …esperando esse depila no Brasil …. ops esse depósito…","Boa tarde, A maioria das remessas da Brastel para o Brasil estão sendo realizadas via PIX. Assim, estão sendo pagas dentro de alguns minutos, se todos os dados estiverem corretos e a conta estiver apta a receber pagamentos via PIX. Qualquer dúvida estamos à disposição. Obrigado."
Confirmacao de cambio/taxas,bom dia. em que parte do aplicativo da Brastel que posso fazer simulação de valor a enviar pro Brasil,"Bom dia,  Para calcular o valor acesse em nosso site o simulador de envio:  https://brastelremit.jp/por/simulator# Qualquer dúvida estamos à disposição. Obrigado."
Confirmacao de cambio/taxas,Gostaria de enviar 1.900 p minha conta Nubank qual valor de yenes eu preciso depositar Qual a taxa de envio,"Bom dia,  1.900 reais: ¥59,637 incluindo a taxa de remessa Taxa de envio para o Brasil: Remessas até ¥30.000 taxa ¥880 De ¥30.001~¥300.000 taxa ¥1.480 De ¥300.001~¥800.000 taxa ¥1.680 Qualquer dúvida estamos à disposição. Obrigada."
Confirmacao de cambio/taxas,Ola boa tarde tudo bem! Fiz uma remessa de 20.000   Mai’s ou menos vai cair quanto ? Muito obrigada,"A beneficiária receberá R$624,66"
Tempo de remessa,Quando manda assim nesse horário che na hora ou sô depoi,"Bom dia!  A maioria das remessas da Brastel para o Brasil estão sendo realizadas via PIX. Assim, estão sendo pagas dentro de alguns minutos, se todos os dados estiverem corretos e a conta estiver apta a receber pagamentos via PIX. Sobre a remessa de ontem, os dados foram corrigidos e a remessa foi paga.  Qualquer dúvida estamos à disposição. Obrigado."
Termos e condicoes do servico,Oi bom dia Tenho q enviar p Brasil 1.000.000 yenes Tenho algum problema ?,"Bom dia O limite por transação: 800.000 ienes Limite diário: 1.000.000 ienes Nosso limite de remessa de 800.000 ienes , mas o limite diário de um milhão de ienes, o processamento de 1.000.000 ienes exigiria dois depósitos, um de 800 ienes e outro de 200.000 ienes."
Confirmacao de cambio/taxas,Olá preciso mandar 700 reais para o Brasil Qto está dando em ienes,"Boa tarde,  700 reais: ¥22,321 incluindo a taxa de remessa. Obrigado."
Como se inscrever,Boa tarde Gostaria de enviar dinheiro para o Brasil no nubank como faco,"Para se inscrever no serviço de remessa, por favor, baixe o aplicativo Brastel Remit e registre todos os dados solicitados. Assim vamos validar sua inscrição e você já poderá registrar os seus beneficiários. Com o app Brastel Remit você tera independência para fazer a remessa por conta propria e a qualquer horario https://brastelremit.jp/por/24h  "
Confirmacao de cambio/taxas,Pra enviar chegar rs 8600 Quanto enviar yens,"Boa tarde!  R$ 8600,00 : ¥264,883"
Tempo de remessa,"Acabei de fazer o depósito pelo cartão brastelremit, quanto tempo leva para o dinheiro sem creditado para poder transferir para o Brasil???",Boa tarde Pedimos para aguardar pelo menos 20 min para o valor ser processado no seu saldo
Confirmacao de cambio/taxas,Sim qto fica 170 reais com taxa Eu vou enviar hj,"R$170,00 ---> ¥6.124 com taxa inclusa."
Confirmacao de cambio/taxas,Por favor gostaria de saber a cotação do dólar hoje no Japão e quanto está lá no Brasil e quanto vai chegar no Brasil se eu mandar 300 mil ienes,"300.000 ienes : R$9583  na cotação de hoje, incluída a taxa de remessa."
Confirmacao de cambio/taxas,Boa tarde Mandei ¥ 72.000 mil para você fazerem a remessa para o Brasil .  Qual o valor que vai chegar ???,"Bom dia,  Vamos processar a sua remssa.  O beneficiário receberá, 2,263.83  Qualquer dúvida estamos à disposição. Obrigado."
Confirmacao de cambio/taxas,20 mil da que resl,"R$613.79 ----> 20.000,00 com taxa inclusa."
Tempo de remessa,"Me desculpe, mas quanto tempo demora aproximadamente para o valor ser creditado na conta que eu enviei No caso foi para o vietnan.",Prazo de entrega aproximado: Depósito em conta bancária 1 a 3 dias úteis Agente de coleta 15 minutos a 3 horas Entrega em domicílio 1 a 5 dias úteis Qualquer dúvida estamos à disposição. Obrigado.
Como depositar,"fui fazer o depósito no caixa eletrônico do correio, so que dizia que não tava para fazer transferência.","Boa tarde! Por gentileza, certifique-se que a senhora está seguindo o passo-a-passo corretamente na hora de fazer o depósito. Para acessar o passa a passo, no app: Menu -> Instruções de depósito"
Como depositar,Recebi um cartão para remessa da Brastel A taxa de envio é 440 tens Yens? O uso do cartão e o mesmo sistema do outro cartão ?,Bom dia!  Para quem efetua depositos acima de 100mil o novo cartao ira facilitar pois podera ser efetuado com um unico deposito.As taxas de depósito do cartão laranja variam de acordo com o dia e o horário do depósito:  . Valor máximo por deposito: 1.000.000 . Taxas de deposito: Segunda a sexta (8:45 ~ 18:00) Sabado (9:00 ~ 14:00) 1.000 ~ 110.000 =440 110.001 ~ 1.000.000 = 550  Fora dos horários indicados acima e nos feriados bancários: 1.000 ~ 110.000 = 550 110.001 ~ 1.000.000 = 660  As taxas serão deduzidas quando o dinheiros for transferido para o saldo da sua conta no aplicativo (App).
"Pedido de envio via metodo ""ByPhone""",Oii Eu fiz um depósito de 9 mil Você pode tranferir na conta de AAAA SSS AAA  Banco Santander,Boa tarde Vamos processar sua remessa. Obrigado
Confirmacao de cambio/taxas,"Vou depositar 30,000 quanto daria?","Bom dia,  933 reais incluindo as taxas. Qualquer dúvida estamos à disposição. Obrigado."
"Pedido de envio via metodo ""ByPhone""",Bom dia. Fiz um depósito de 31k e gostaria que fosse depositado em nome de CC MM. Banco Bradesco. Obrigado,"Bom dia,  Pelas taxas da remessa não e possível enviar 31,000 só será possível enviar 30.880, pois a taxa até 30.000 são de 880 passado dos 30.000, a taxa fica 1.480. Podemos enviar 30,880 e deixarmos 120 no seu saldo ?"
Confirmacao de cambio/taxas,Bom dia vcs pode me informar qto fica 110 reais com taxa fazendo um favor hj preciso mandar esse valor obrigado,"Boa tarde,  110 reais ---> ¥4,297 (com a taxa de remessa inclusa). Qualquer dúvida estamos à disposição. Obrigado."
"Pedido de envio via metodo ""ByPhone""","Bom dia !!! Desculpa a demora , Estava trabalhando  Por favor depositar na minha conta do Santander","Boa tarde, Vamos processar. Obrigado."
"Pedido de envio via metodo ""ByPhone""",Depositei 30 mil Beneficiário JJJJJ Gxxxxx Cxxxxx Com G ou C o sobrenome não me lembro o certo. Desculpa,"Quando a senhora utiliza o cartão de depósito, a remessa é processada automaticamente para o beneficiário associado a esse cartão. A remessa foi processada para JJJJ  CCC CCCC Qualquer dúvida estamos à disposição. Obrigado."
"Pedido de envio via metodo ""ByPhone""",Favor processar pra SSSS   os 30000 ¥ com urgência. Obrigado,"Boa tarde,  Vamos processar.  Obrigada! Qualquer dúvida estamos à disposição."
Registro/Atualizacao de Documento,Onegai shimassu,Boa Tarde !  Seu cadastro foi atualizado com sucesso! Agora a senhora já pode enviar dinheiro. Qualquer dúvida estamos à disposição. Obrigado.
Solicitacao de cartao de remessas,Bom dia pode me ajudar ? Perdi meu cartão de remessa como faço para adquirir outro?   TT SSSS,"Bom dia, Aparecida!  Por favor, poderia informar qual cartão a senhora gostaria que enviássemos, o cartão da beneficiária TT SSSS ou o cartão da beneficiária AAAA SSSS?  Muito Obrigada! igualmente para a senhora! O cartão de depósito será entregue dentro de uma semana a partir de hoje."
"Pedido de envio via metodo ""ByPhone""","Olá, boa tarde Fazer uma remessa de 20,000 para MM NN CC por favor ","Boa tarde,  Vamos processar a sua remessa.  Qualquer dúvida estamos à disposição. Obrigado."
"Pedido de envio via metodo ""ByPhone""",Na minha própria conta,"Boa tarde, Vamos processar. Obrigado."
"Pedido de envio via metodo ""ByPhone""",Boa tarde Porfavor enviar a remessa no valor total de ¥ 30.000 para Beneficiária: JJJ CCC . Obrigado!,"Boa tarde, Vamos processar. Obrigado."
"Pedido de envio via metodo ""ByPhone""",Ola. Fiz depósito de 50 mil. Favor enviar para conta de YY UUU  (caixa econômica federal ),"Boa tarde! Obrigado por informar, vamos processar a sua remessa, lembrando que o senhor possui 120 ienes disponíveis sobrando em saldo na sua conta."
Confirmacao de cambio/taxas,Boa tarde poderia me passar o valor do dólar hoje onegai,Boa tarde Só um momento por gentileza
"Pedido de envio via metodo ""ByPhone""",Boa tarde  Depositei 200mil yenes  De AAA BBB para AAA BBB,Boa tarde Vamos processar sua remessa. Obrigado
"Pedido de envio via metodo ""ByPhone""",Acabei de fazer uma remessa de ¥7440 para o beneficiário RRR KKK .,Obrigado por informar! Vamos processar a sua remessa.
Confirmacao de cambio/taxas,"Boa tarde, quanto da 250.000 yenes no Brasil hj?","Boa tarde! Na cotação de hoje, incluindo a taxa de remessa: R$8002"
Confirmacao de cambio/taxas,Quanto enviar rs 10000 Ou rs 10500,"Boa tarde!  R$10.000 -> ¥312,223 R$10.500 -> ¥327,750  Na cotação de hoje, incluindo a taxa de remessa."
"Pedido de envio via metodo ""ByPhone""",Fiz um depósito para MM LL poderia verificar por favor,"Boa tarde! Vamos processar a sua remessa, obrigado."
"Pedido de envio via metodo ""ByPhone""",Boa noite favor fazer a remessa KK OO ¥50.000 e SSS OO ¥50.000,Boa noite Vamos processar sua remessa. Obrigado
"Pedido de envio via metodo ""ByPhone""","Boa noite Fiz um depósito pra vcs e gostaria que fizessem a transferência por favor  Banco Itaú MM MM NN 10,880¥","Boa tarde! Obrigado por informar, vamos processar a sua remessa."
"Pedido de envio via metodo ""ByPhone""",Boa noite Fiz uma remessa de 162.000 mil yen para BB MM  onegai,Boa noite! vamos processar conforme solciitado. Algo mais?
"Pedido de envio via metodo ""ByPhone""","Boa noite, fiz uma transferência de 250.000.yenes favor transferir pra MM EE , 2.000,00 reais e o restante na conta de MM AA . Obrigado  ",Boa noite Vamos processar sua remessa. Obrigado
"Pedido de envio via metodo ""ByPhone""",Dólar tá bom  Na minha conta AAA MMM,Vamos processar sua remessa. Obrigado
Confirmacao de cambio/taxas,Quanto da rs9500 reais Quanto mandar yens,"Boa noite Para enviar BRL 9,500, deve ser depositado ¥296,496, já com a taxa de remessa inclusa na cotação de hoje"
"Pedido de envio via metodo ""ByPhone""",Boa noite  Fiz uma transferência de ¥481800  ¥470 mil para III NN  ¥11800 para PPP OOO  Onegai shimasu,"Boa noite! Obrigado, vamos processar a sua remessa."
Confirmacao de cambio/taxas,Bom dia gostaria de enviar 180 reais para uma consulta terapeutica,"R$180,00 -----> ¥6,427 cim taxa inclusa.  Lembrando que cotação pode mudar as 10:40 am. Ficaremos aguardando o seu deposito."
"Pedido de envio via metodo ""ByPhone""",130.742¥ De CC SS YY para minha conta própria Nubank por favor,Vamos processar sua remessa. Obrigado
Confirmacao de cambio/taxas,Boa tarde Gostaria de mandar 500 real para o Brasil Quando daria em yan ?,Boa tarde Valor 500 Reais --> 16.360 Yen
Envio via Deposit Code,,Obrigado por nos enviar a foto. Normalmente demora alguns minutos para entrar no saldo. Verificamos que o valor foi colocado no seu saldo. Qualquer dúvida estamos à disposição. Obrigado.
Cancelamento,Boa tarde essa remessa pode ser cancelada por favor a conta que mandei o dinheiro foi encerrada,"Boa tarde  Iremos solicitar o cancelamento. Porém, devido ao fuso horário e o feriado no Brasil, o cancelamento não será imediato."
Como se inscrever,"Olá, gostaria de saber como posso solicitar o cartão de remessa","Boa tarde,  A senhora já fez o cadastro de remessa na Brastel Remit?  Para se inscrever no serviço de remessa, por favor, baixe o aplicativo Brastel Remit e registre todos os dados solicitados. Assim vamos validar sua inscrição e você já poderá registrar os seus beneficiários. Com o app Brastel Remit você terá independência para fazer a remessa por conta própria e a qualquer horário https://brastelremit.jp/por/24h "
"Pedido de envio via metodo ""ByPhone""",Boa tarde Fiz deposito por favor transferencia hoje JJ OOO minha filha Fazendo favor Hoje,"Boa tarde, Vamos processar. Obrigado."
"Pedido de envio via metodo ""ByPhone""","Olá boa tarde fiz um depósito hoje no valor de 20,000 yen Transferir por favor para HH WW",Boa tarde! Vamos processar. Obrigado.
"Pedido de envio via metodo ""ByPhone""",Beneficiário NN TTT UUU  quero fazer o pedido de envio de 100 101 mil yen desconta a taxa dos 101 mil yen por favor taxa de envio,A remessa foi registrada
"Pedido de envio via metodo ""ByPhone""","Boa tarde! Acabei de transferir 144.000¥, poderia por favor enviar para mesma conta de sempre da Nubank?","Boa tarde! Obrigado por informar, vamos processar a remessa para a mesma conta das últimas vezes"
"Pedido de envio via metodo ""ByPhone""","Boa noite eu acabei de fazer uma remessa de 272,000 ienes gostaria de mandar 20.000 para AAA YYY pode tirar a taxa do mesmo o restante pode mandar para minha conta por favor!   ","Boa noite! Obrigado por informar, vamos processar a sua remessa."
"Pedido de envio via metodo ""ByPhone""",Depositei 19.700 ¥ Beneficiária MM OOO Caixa Econômica Federal Agência XXXX,"Boa tarde! Vamos processar a sua remessa, obrigado."
"Pedido de envio via metodo ""ByPhone""","Boa noite, fiz o depósito, vou passar o nome dos beneficiários: LLL SSS III Valor:300.000 AAA III Valor:30.000  ",Boa noite Vamos processar sua remessa. Obrigado
"Pedido de envio via metodo ""ByPhone""","Boa Noite Meu Nome é NN HHH eu fiz uma remessa de ¥72,000 mil ienes vai para meu beneficiario NN FFF  ","Bom dia,   Vamos processar a sua remessa.  Qualquer dúvida estamos à disposição. Obrigado."
Como se inscrever,Como enviar dinheiro do Japão?,"Bom dia!  Para se inscrever no serviço de remessa, por favor, baixe o aplicativo Brastel Remit e registre todos os dados solicitados. Assim vamos validar sua inscrição e você já poderá registrar os seus beneficiários. Com o app Brastel Remit você terá independência para fazer a remessa por conta própria e a qualquer horário https://brastelremit.jp/por/24h  "
Envio via Deposit Code,bom dia acabei de fazer essa transferência pra brastel entra direto no meu app?,"Bom dia  Sim, após realizar o deposito em poucos minutos entra no seu saldo. Qualquer dúvida estamos à disposição. Obrigado."
"Pedido de envio via metodo ""ByPhone""","Bom dia , foi enviado 495 mil para conta da brastel , favor enviar para o banco do brasil","Boa tarde, Vamos processar. Obrigado."
"Pedido de envio via metodo ""ByPhone""",acabei de fazer uma transferência de25.000 ienes poderia enviar para a conta AA DD por gentileza,"Boa tarde, Vamos processar. Obrigado."
"Pedido de envio via metodo ""ByPhone""",Boa tarde favor processar pra SSSS os ¥ 30000 Obrigado,"Boa tarde,  Vamos processar a sua remessa.  Qualquer dúvida estamos à disposição. Obrigado."
"Pedido de envio via metodo ""ByPhone""",Olá foi feito um depósito de 30000 a beneficiária e na conta da NuBank de EEE MMM !Obrigsfa,"Boa tarde,  Vamos processar a sua remessa.  Qualquer dúvida estamos à disposição. Obrigado."
"Pedido de envio via metodo ""ByPhone""",Boa tarde depositei 250000. Por favor depositar na minha conta banco Itaú,Boa tarde Vamos processar sua remessa. Obrigado
Solicitacao de cartao de remessas,Como solicitor segunda via do cartao,Podemos solicitar. Seroa outro cartão de depósito (cartão verde?)
Como se inscrever,Como posso me inscrever no serviço de remessa?,"Para se inscrever no serviço de remessa, por favor, baixe o aplicativo Brastel Remit e registre todos os dados solicitados. Assim vamos validar sua inscrição e você já poderá registrar os seus beneficiários. Com o app Brastel Remit você terá independência para fazer a remessa por conta própria e a qualquer horário https://brastelremit.jp/por/24h"
Confirmacao de cambio/taxas,100 mil da quanto,100 mil ienes -> R$3213 Incluindo a taxa de remessa na cotação de hoje.
Confirmacao de cambio/taxas,Boa noite Como faço para fazer a conversão Presciso Que chega no Brasil 540 reais,"Para chegar BRL 540, deve ser depositado ¥17,439 já com a taxa de remessa inclusa. Isso na cotação e hoje."
Tempo de remessa,Quanto tempo levará para o beneficiário receber o dinheiro?,"Via de regra, as remessas serão pagas via PIX dentro de algumas horas, se todos os dados estiverem corretos."
"Pedido de envio via metodo ""ByPhone""",Depositei 17000 mil ienes depositar para YYY SSS para o Chile por favor,Vamos processar sua remessa.
"Pedido de envio via metodo ""ByPhone""","Boa trd! Após a confirmação do meu depósito, queiram por gentileza efetuar a remessa do msm em nome de NNN KKK Jr. Muito obrigado!","Boa tarde,  Recebemos o seu deposito no valor de 23,000 yen. Vamos processar a sua remessa"
Termos e condicoes do servico,"Considerando que recebi essa última transferência em 30/04, quando poderia receber outra de igual valor?","Boa tarde,  O limite por remessa: 800.00 ienes Limite diário: 1.000.000 ienes ; Limite de transações por mês: até 30 transações"
Acesso a conta,E a senha Não me lembro,Vamos registrar o seu novo email em seu cadastro. Por favor aguarde alguns minutos. Após a atualização será enviado os dados de login para acessar o seu aplicativo. Você receberá no seu novo email.
"Pedido de envio via metodo ""ByPhone""","Boa tarde. Por gentileza, remessa em meu nome, na conta do Bradesco.      ","Boa tarde! Obrigado por informar, vamos processar a sua remessa."
Solicitacao de cartao de remessas,Boa tarde PPP AAA   (5367917) Enviar um novo cartão yucho por favor Endereço atualizado no Aplicativo para smartphones do servico de remessas,Boa tarde Solicitado
Acesso a conta,Eu não consigo entrar na conta,Boa tarde. Chegou o e-mail com a senha temporária? Reenviamos para o e-mail cadastrado: zzzzz@xxx.com.br Utilize o usuário e senha enviado para entrar na sua conta
Acesso a conta,O meu e mail Yahoo está inativo estou usando outro e-mail ZZZZZ@gmail.com,Enviamos o seu usuário e uma senha temporário no seu email Poderia confirmar?
Como se inscrever,Como enviar dinheiro do Japão?,"Para se inscrever no serviço de remessa, por favor, baixe o aplicativo Brastel Remit e registre todos os dados solicitados. Assim vamos validar sua inscrição e você já poderá registrar os seus beneficiários. Com o app Brastel Remit você terá independência para fazer a remessa por conta própria e a qualquer horário https://brastelremit.jp/por/24h"
"Pedido de envio via metodo ""ByPhone""",Mandei agora o dinheiro para Brastel O beneficiário é:AAAAA,"Boa noite! Obrigado, vamos processar a sua remessa."
Cancelamento,"Olá , por favor ! Eu não posso mais esperar , peço que cancelem a operação e extornem o recurso na minha conta por favor","Vamos solicitar o cancelamento, porém, devido ao fuso horário e o horário de expediente bancário no Brasil, o cancelamento não será imediato."
Acesso a conta,Boa tarde. Sou QQQ JJJ  Mudei de aparelho de celular e nao consigo baixar o aplicativo da Brastel. Fala senha ou nome invalido. Ja mudei a senha e aparece a mesma coisa,"Bom dia  Para recuperar o acesso a sua conta, por favor nos confirme o seu email para enviarmos uma senha temporária.  email registrado: aaaaaa@gmail.com "
"Pedido de envio via metodo ""ByPhone""","Bom dia Realizei um depósito de ¥90,000 Gostaria que fossem depositados nas contas de NNNN  ¥ 40,000 KKKK  ¥ 25,000 CCCC ¥ 25,000 Obrigado",Bom dia Vamos processar sua remessa. Obrigado
Registro/Atualizacao de Documento,Nao estou conseguindo tirar foto do cartao de registro de estrangeiros card,"Olá, boa tarde!  Temos vídeos que ajudam os clientes a fazerem as inscrições.  Com aparelhos de celulares com o novo sistema NFC e para aparelhos que não possuem o sistema NFC. - Com o sistema NFC: https://www.youtube.com/watch?v=U_jAVo2qYt4 - Sem o sistema NFC: https://www.youtube.com/watch?v=tc8yeWvQdlw&t=143s"
"Pedido de envio via metodo ""ByPhone""","Bt,enviei 10 mil yens pra remessa pro Brasil, Remetente:LL AAA , Destinatário:TTT AAA , desde já agradeço","Boa tarde! Obrigado por informar, vamos processar a sua remessa."
Tempo de remessa,Boa tarde Se eu depositar chega hoje?,"É pra chegar hoje normalmente, se estiver tudo certo com a conta de destino lá do Brasil e não houver nenhum problema no sistema."
Confirmacao de cambio/taxas,10 mil da quanto la no brasil,erro ao processar a pergunta
"Pedido de envio via metodo ""ByPhone""",Boa tarde! Acabei de mandar um valor de 77000 para a beneficiária AA OOOO,"Boa tarde! Vamos processar a sua remessa, obrigado."
"Pedido de envio via metodo ""ByPhone""",Boa tarde Brastel fiz uma transferência de 42. De 42.000 iens por favor enviar para DDD LLLL desde já muito obrigado,"Boa tarde! Obrigado por informar, vamos processar a sua remessa."
"Pedido de envio via metodo ""ByPhone""",Favor depositar 10 mil yen para BBB MMM,"Boa tarde! Obrigado por informar, vamos processar a sua remessa."
Tempo de remessa,Quanto tempo levará para o beneficiário receber o dinheiro?,"A maioria das remessas da Brastel para o Brasil estão sendo realizadas via PIX. Assim, estão sendo pagas dentro de alguns minutos, se todos os dados estiverem corretos e a conta estiver apta a receber pagamentos via PIX."
Reembolso,"Boa tarde uma informação, como não consegui enviar remessa para meu amigo, gostaria de saber se existe a possibilidade de retirada do meu saldo ¥6700 aqui","É possível solicitar o reembolso diretamente do app. Atente para a regra de que deverá requisitar o valor total do saldo do seu app. Será cobrada uma taxa fixa de 750 e somente serão aceitas contas de bancos japoneses. Para tanto, click: Menu > Minha conta > Reembolso e siga as instruções. Tenha em mãos a sua caderneta bancária. Qualquer dúvida estamos à disposição."
Tempo de remessa,Boa tarde. Fiz uma transferência no valor de ¥15.000. Poderiam por gentileza encaminhar para minha conta pessoal da Nubank no Brasil?,"Bom dia,   Vamos processar a sua remessa.  Qualquer dúvida estamos à disposição. Obrigado."
"Pedido de envio via metodo ""ByPhone""",Bom Dia!!Fiz uma transferência de JPY 50.000 poderia por gentileza fazer remessa para AAA KKKK !!,"Bom dia,   Vamos processar a sua remessa.  Qualquer dúvida estamos à disposição. Obrigado."
"Pedido de envio via metodo ""ByPhone""","Boa tarde, meu nome eh MMM SSS   , fiz a transferência para a Brastel. Beneficiário no Brasil KKK MMM SSS. Muito obrigada","Bom dia, Vamos processar a sua remessa.  Qualquer dúvida estamos à disposição. Obrigado."
Confirmacao de cambio/taxas,"Bom dia ! R$ 1.215,00 reais, quanto seria a conversão em yenes? ","Bom dia,  1,215.00 ---> ¥39,412 ( com a taxa de remessa inclusa).  Qualquer dúvida estamos à disposição. Obrigado."
Termos e condicoes do servico,Bom dia. Fiz remessa para o Vietnã hoje às 11:11 AM e o beneficiário ainda não recebeu. Gostaria de saber o motivo. grato,"Bom dia,  Prazo de entrega aproximado para o Vietnã: Depósito em conta bancária 1 a 3 dias úteis Qualquer dúvida estamos à disposição. Obrigado."
Termos e condicoes do servico,Boa tarde gostaria de saber se o sistema de remessa da Brastel também poderá ser usado por japonês ? Ou somente brasileiro?,"Boa tarde! Pode ser usado por Brasileiros, japoneses e diversas outras nacionalidades. No canal da Brastel no youtube a senhora encontra diversos tutoriais para envio do dinheiro no japão, em vários idiomas diferentes também: https://www.youtube.com/channel/UCwzxY5qUNqCzfee52kmKpIg"
Cancelamento,Oi boa tarde eu fis um envio errado queria cancelar urgente,"Senhor AAA, localizamos duas remessas feitas ontem. Como elas já foram enviadas da sua conta para o Brasil, não conseguimos dar certeza de cancelar o envio, porém vamos averiguar com o nosso banco correspondente no Brasil se ainda é possível."
Termos e condicoes do servico,Bom dia ! Gostaria saber se vcs enviam dinheiro direto para conta da Nubank do Brasil que está no meu nome ?,"boa noite! Sim, enviamos para bancos digitais."
"Pedido de envio via metodo ""ByPhone""",Bom dia enviei 30.000 por favor Humberto e Márcia,Bom dia Vamos processar sua remessa. Obrigado
Reembolso,Fiz um pedido de reembolso e gostaria de saber quanto tempo demora o valor cair na minha conta do correio ?,"Bom dia, <name> C#<number>  O reembolso é processado no dia seguinte após o pedido. Qualquer dúvida estamos à disposição. Obrigado."
Confirmacao de cambio/taxas,"Olá, bom dia! Preciso fazer uma remessa no valor de 400 reais!  Poderia me passar o valor em yenes pra eu poder fazer o depósito? Desde já agradeço!","Bom dia,  400 reais ----> ¥13,226 (com a taxa de remessa inclusa). Qualquer dúvida estamos à disposição. Obrigado."
"Pedido de envio via metodo ""ByPhone""",Okay! Fiz a transferência no valor de ¥13.300 Por gentileza fazer a remessa para a beneficiária YY de CC Desde já agradeço!,"Bom dia,  Vamos processar a sua remessa.  Qualquer dúvida estamos à disposição. Obrigado."
Confirmacao de cambio/taxas,Boa tarde gostaria d saa as ver quanto chega y50.000 em reais incluindo já a taxa? Obrigado,"Boa tarde,  ¥50,000 (incluindo as taxas) ---> 1,560.94 Qualquer dúvida estamos à disposição. Obrigado."
"Pedido de envio via metodo ""ByPhone""","Boa tarde Mandei dinheiro hoje, poderia enviar para conta de JJJ  TTT  Por favor","Boa tarde,  Recebemos o seu deposito no valor de 15 mil yen  Vamos processar a sua remessa. Qualquer dúvida estamos à disposição. Obrigado."
"Pedido de envio via metodo ""ByPhone""",Boa tarde Pode depositar ¥7.000 para pensando o Japao Por favor,"Boa tarde! Vamos processar a sua remessa, obrigado."
Solicitacao de cartao de remessas,"Boa tarde , hoje fiz um depósito pelo atm do correio e o primeiro depósito foi tudo correto , mas quando fui fazer um outro depósito o meu cartão não funcionou mais , segundo a funcionária do correio ela pediu para entrar em contato com vocês para providenciar um outro cartão de remessa , como devo proceder?",Um novo cartão foi solicitado e deverá chegar em seu endereço dentre de 3 a 4 dias úteis. Qualquer dúvida estamos à disposição. Obrigado.
Confirmacao de cambio/taxas,"E hoje fosse enviar pro Brasil , 180,000 yen.  daria quanto em real ?","Boa tarde Ao ser depositado ¥180,000, será enviado BRL 5,784, já com a taxa de remessa inclusa e na cotação de hoje"
"Pedido de envio via metodo ""ByPhone""",Oi enviei 180.000 yenes beneficiário SSSS  AAA,"Boa tarde! Vamos processar a sua remessa, obrigado."
"Pedido de envio via metodo ""ByPhone""",Boa tarde Equipe Tóquio. Por favor processar a remessa.,Boa tarde Vamos processar a remessa. Obrigado
"Pedido de envio via metodo ""ByPhone""","Favor processar a remessa DE 35,500 mil yen para AAA MMMM BANCO CAIXA ECONÔMICA FEDERAL CONTA POUPANÇA AGÊNCIA XXXX  CONTA POUPANÇA xxxxx-x",Vamos processar sua remessa. Obrigado
Como se inscrever,Vcs envia remessas direto via Pix ? Se eu passar o número do Pix e nome do beneficiários já serve ?,A senhora precisa baixá-lo na loga de aplicativos do seu celular é só procurar por Brastel Remit
Como depositar,A transferência posso fazer no ATM do banco correio ou tem banco,"Pode fazer no Banco do correio, seguindo o passo a passo para depósito na conta da Brastel"
Confirmacao de cambio/taxas,"Qual valor da taxa se for feito depósito, transferência banco correio","São duas taxas: A taxa de depósito do Banco. Se a senhora pedir o cartão da Brastel, a taxa muda de acordo com o valor e o dia Por depósito, o correio desconta a taxa de serviço: Até 49.999 ienes: 125 ienes de taxa De 50.000 ienes a 100.000 ienes: 345 ienes de taxa"
Confirmacao de cambio/taxas,Da pra mandar 430 .000 yens Da quanto em real hj Na cotação de hj,"Ao ser depositado ¥430,000, será entregue BRL 13,878 já com a taxa de remessa inclusa"
Confirmacao de cambio/taxas,E 6 mil reais da quanto yen ? Pra depositar do Japão ao Brasil ? Onegai shimassu,"Para ser entregue BRL 6,000, deve ser depositado ¥186,658 já com a taxa de remessa inclusa."
Como se inscrever,Como enviar dinheiro do Japão?,"Bom dia!  Para se inscrever no serviço de remessa, por favor, baixe o aplicativo Brastel Remit e registre todos os dados solicitados. Assim vamos validar sua inscrição e você já poderá registrar os seus beneficiários. Com o app Brastel Remit você terá independência para fazer a remessa por conta própria e a qualquer horário https://brastelremit.jp/por/24h"
"Pedido de envio via metodo ""ByPhone""",Bom dia! Fiz uma remessa Dados do cliente: ***,"Bom dia,  Vamos processar a sua remessa.  Obrigado!"
"Pedido de envio via metodo ""ByPhone""","Efetuei um depósito de 150,000ienes em mitsuisumitomo.  Favor remeter  50,000 a AAA   50,000 a IIIII   50,000 a VVVVV  Muito obrigado",Bom dia! Vamos processar. Obrigado.
Cadastro de beneficiario,Oi bom dia tudo bem Posso enviar meus dados por aqui pra fazer o cadastro de remessa pra o Brasil,"Bom dia, Terezinha!  O cadastro é feito pelo aplicativo Brastel Remit. Por favor baixe o aplicativo e clique em ""criar conta"" preencha os dados para realizar o cadastro. Qualquer dúvida estamos à disposição. Obrigado."
Como depositar,,Bom dia Obrigado pelo envio do comprovante.  O valor esta disponivel do seu app. Qualquer dúvida estamos à disposição.
Como depositar,Perfeito Me envie por favor  como devo fazer o depósito pra vcs,"link ""Como transferir dinheiro da sua conta no Japan Post Bank para a Brastel"""
"Pedido de envio via metodo ""ByPhone""",Boa tarde. Acabei de fazer uma remessa de ¥14440 para o beneficiário  KKKK,Boa tarde  Vamos processar sua remessa Obrigado
"Pedido de envio via metodo ""ByPhone""",Boa tarde Olá Sou KKKK MMM Fiz um depósito no valor de 100.000 Beneficiária SSS MMM Onegai Shimasu Conta (Bradesco),"Boa tarde,  Vamos processar a sua remessa.  Qualquer dúvida estamos à disposição. Obrigado."
Registro/Atualizacao de Documento,Boa tarde... preciso atualizar meu documento,Boa tarde   Recebemos as fotos do seu documento pelo seu aplicativo. Seu cadastro foi atualizado com sucesso! Qualquer dúvida estamos à disposição. Obrigado.
Reembolso,Prontinho poderiam me reembolsar aqui,"Boa tarde, Por favor, poderia nos enviar a foto da sua caderneta bancária (contra-capa)? Taxa de reembolso: 750 ienes"
Como fazer remessa,"Assim que o saldo for inserido no aplicativo,como faço para transferir para o Brasil?","Na tela inicial, do lado do nome do beneficiário, clique em enviar dinheiro. Se pretende enviar o valor total do saldo, do lado da bandeira do Japão digite o valor que está no saldo (sem pontos ou vírgulas). Depois clique em um campo em branco para ver o botão PRÓXIMO. Clique no botão PRÓXIMO 2 vezes e no final, antes de confirmar, precisa clicar no quadradinho para aceitar os termos e condições do serviço."
Confirmacao de cambio/taxas,"E 6 mil no Brasil , tenho que depositar quanto ?","¥187,695 incluindo a taxa de remessa da Brastel.  Você usa cartão de depósito da Brastel ou transfere da sua conta bancária?"
Confirmacao de cambio/taxas,Bom dia eu gostaria de saber quanto é 450.000pra mandar pro Brasil real desde já agradeço,"Bom dia,  450.000 ---->R$14,840.26 com taxa inclusa."
Confirmacao de cambio/taxas,Essa taxa inclusa Quanto é mais ou menos Desculpe incomodarmuito obrigada,Taxa de envio para o Brasil: Remessas até ¥30.000 taxa ¥880 De ¥30.001~¥300.000 taxa ¥1.480 De ¥300.001~¥800.000 taxa ¥1.680
Como fazer remessa,Olá boa tarde Preciso fazer uma remessa mas não me lembro mais como faço ?,"Boa tarde,  Usando o aplicativo da Brastel Remit, você coloca o dinheiro no saldo do aplicativo feito no caixa eletrônico por transferência bancária ou por depósito(com o cartão que a Brastel enviou). Para depositar siga o passo a passo: 1. Abra seu aplicativo Brastel Remit 2. Clique nas três linhas no canto esquerdo do app. (Menu) 3.Instruções de depósito. 4.Escolha a opção (cartão de depósito Yucho) ou transferência bancária (cartão do banco do correio). 5.Selecione a caixa eletrônica (ATM) 6. Siga o passo a passo, exatamente como está no app."
"Pedido de envio via metodo ""ByPhone""","Boa tarde Por favor efetuei um depósito no valor de 160.000 Ienes, a ser enviado o valor total ao dependente BBB YYY Obrigado","Boa tarde,  Vamos processar a sua remessa.  Qualquer dúvida estamos à disposição. Obrigado."
Como fazer remessa,Boa tarde como faço para fazer uma remessa ???,"Boa tarde,   Conforme conversamos por telefone seu cadastro está ativo já pode enviar remessass. O passo a passo é : Enviar dinheiro pelo app:  1-Ao fazer o deposito com o cartão que a brastel enviou ou com o seu cartão do banco (transferência bancária) valor entra no saldo do aplicativo da brastel remit 2- Verifique na tela inicial ""Meu saldo"". 3- Registre no seu aplicativo para quem deseja enviar: Clicar nas 3 linhas no canto esquerdo do App da Brastel > beneficiario > adicionar beneficiario. 4- Na tela inicial aparecerá o nome do beneficiário: Ex: João -------- *Enviar dinheiro*( Clicar em cima do enviar dinheiro ao lado do nome do beneficiário). 5- Aparece a bandeira do japão e ao lado digite o valor que deseja enviar e logo abaixo na bandeira aparece o valor em reais que a beneficiária irá receber. 6- Abaixo coloque a fonte de recurso. 7- Motivo da remessa E clica em próximo para prosseguir. Qualquer dúvida estamos à disposição. Obrigado."
Cadastro de beneficiario,Boa tarde ! Havia um erro no número da conta do destinatário que impediu que uma remessa fosse realizada. O erro estava no número da conta que estava faltando o último dígito. O número correto da conta é 48756938-5,Boa tarde! Vamos enviar a correção para o banco fazer o pagamento da sua remessa. Favor corrigir no app para não ter problemas nas próximas remessas.
Termos e condicoes do servico,Vocês fazem remessa para Venezuela?,Boa tarde A Venezuela não está na nossa lista de remessa
Solicitacao de cartao de remessas,E sobre o cartão pra mandar mais de 100 mil,"Boa tarde, Seu endereço foi atualizado. Vamos enviar um novo cartão de depósito."
Tempo de entrega do cartao,O cartao demora quanto tempo?,3 a 4 dias úteis.  Qualquer dúvida estamos à disposição. Obrigada.
"Pedido de envio via metodo ""ByPhone""",Favor enviar esta transferência para LLL M Muito obrigado!!,"Boa noite! Obrigado por informar, vamos processar a sua remessa."
Termos e condicoes do servico,Olá bom dia o dinheiro ainda não chegou lá em Porto Alegre Não sei porque porque geralmente chega cedo né chega mesmo dianão sei se mudou obrigada tenha um bom dia,Olá bom dia o dinheiro ainda não chegou lá em Porto Alegre Não sei porque porque geralmente chega cedo né chega mesmo dianão sei se mudou obrigada tenha um bom dia
Confirmacao de cambio/taxas,Bom dia ! Para eu depositar 600 reais ; eu divido os 600 pelo valor de 1 yene que está registrado em real no aplicativo da brastel remit ?,"Bom dia, Precisa multilicar pelo valor do Real /Iene (BRL 0.0325011174/¥ taxa de hoje). O senhor também pode utilizar o simulador, mas acosalhamos que no final adicione ¥1 no tatal. https://brastelremit.jp/por/simulator Na cotação atual: 600 reais: ¥19,342 incluindo a taxa de remessa."
Tempo de remessa,Obrigado chaga hj se depositar agora,Qualquer dúvida estamos à disposição.  Obrigado
Como se inscrever,Meu nome é RR gostaria de saber como remessar o dinheiro para o Brasil pela brastel remiti nunca fiz si pude fazer através da caixa eletrônico Se eu preciso preencher alguma formulário,"Boa tarde! O senhor ja tem o cadastro de remessa através do aplicativo Brastel Remit. No app, o senhor precisa registrar o beneficiário. https://www.youtube.com/watch?v=369oe0GxgPo&t=30s E no app, o senhor também pode ver as instruções de depósito. Menu > Instruções de depósito. Qualquer dúvida estamos à disposição. Obrigada."
Como se inscrever,Como enviar dinheiro do Japão?,"oa tarde, A senhora já tem cadastro na Brastel Remit? Caso ainda não tenha:  Para se inscrever no serviço de remessa, por favor, baixe o aplicativo Brastel Remit e registre todos os dados solicitados. Assim vamos validar sua inscrição e você já poderá registrar os seus beneficiários. Com o app Brastel Remit você terá independência para fazer a remessa por conta própria e a qualquer horáriohttps://brastelremit.jp/por/24hh"
Tempo de remessa,"Oi boa tarde Se eu fizer um depósito amanhã até 11:00 da manhã, que dia chega no Brasil?","Boa tarde, Em geral as remessas são pagas no mesmo dia, mas caso ocorra algum atraso devido ao sistema com o banco, a remessa pode ser paga no próximo dia útil."
Tempo de entrega do cartao,Gostaria de saber se podem confirmar se será enviado O cartão de remessa para o meu endereço do Japão Pode me confirmar,Boa tarde! Foi solicitado um cartão hoje e deverá chegar em seu endereço cadastrado no aplicativo dentro de 3 a 4 dias úteis.
Confirmacao de cambio/taxas,Quanto custa para enviar para Austrália?,Boa tarde!  Até ¥30.000 -> ¥880 De ¥30.001 a ¥100.000 -> ¥1.480 De ¥100.001 a ¥800.000 -> ¥1.680
Tempo de remessa,fiz uma remessa hoje às 6:30 da manhã e ainda não chegou na minha conta do Brasil,"Boa noite! O atraso no pagamento da remessa pode acontecer devido a instabilidade no sistema de pagamento no Brasil, ou pelos dados bancários incorretos. Já estamos verificando com o banco pagador no Brasil em relação a sua remessa que ainda não foi pago ao beneficiário. Devido ao fuso horário e horário bancário do Brasil, pedimos por gentileza que aguarde. Agradecemos a sua compreensão."
Problemas de remessa,"não chegou o dinheiro na conta dela Boa noite, onegai shimasu Obrigado até aqui Deus te abençoe","Plantão Especial Bom dia A sua remessa esta pendente devido aos dados bancários do beneficiário estarem incorretos.  Por favor, você poderia enviar uma foto do cartão com os dados bancários ou acessar o aplicativo do Banco do Brasil na tela inicial que contém os dados bancários? Para que possamos enviar correção ao nosso correspondente no Brasil."
Registro/Atualizacao de Documento,"Bom dia, recebi um e-mail, informando sobre o cancelamento de minha conta para transferência. Peço orientação.","Bom dia A sua conta está inativa,porque o zairyu card registrado expirou. Por favor,poderia enviar as fotos de frente e verso do Zairyu card atualizado?"
Registro/Atualizacao de Documento,Poi bom dia gostaria de saber quantas horas demora para cai uma remessa Fiz uma remessa ontem até agora não caiu,"Bom dia, O seu cadastro precisa de atualização, pois o documento registrado expirou. Por favor, poderia nos enviar as fotos frente e verso do seu novvo Zairyu card?"
Registro/Atualizacao de Documento,Bom dia Mandei foto zaryo cart numero pediu pra manda que tinha atualizar foi?,"Bom dia,   O seu cadastro foi atualizado com sucesso! Qualquer dúvida estamos à disposição. Obrigado."
Registro/Atualizacao de Documento,Poi bom dia gostaria de saber quantas horas demora para cai uma remessa Fiz uma remessa ontem até agora não caiu,"Bom dia, O seu cadastro precisa de atualização, pois o documento registrado expirou. Por favor, poderia nos enviar as fotos frente e verso do seu novvo Zairyu card?"
Solicitacao de cartao de remessas,Bia tarde RRR I  Não recebeu o cartão laranja Retornou? por favor,"Boa tarde Só um momento O cartão laranja não foi solicitado  Pede para solicitar no app, por favor e confirmar o endereço cadastrado antes"
Problemas de remessa,Já faz 14 horas e os dados são os mesmos que demora e essa,"Olá! Devido ao fuso horário e horário de funcionamento bancário do Brasil, ainda estamos aguardando retorno do banco. Pedimos por gentileza que aguarde. Agradecemos a sua compreensão."
Problemas de remessa,"não chegou o dinheiro na conta dela Boa noite, onegai shimasu Obrigado até aqui Deus te abençoe",Plantão Especial Bom dia A sua remessa esta pendente devido aos dados bancários do beneficiário estarem incorretos.
Registro/Atualizacao de Documento,"Bom dia, recebi um e-mail, informando sobre o cancelamento de minha conta para transferência. Peço orientação.","Bom dia A sua conta está inativa,porque o zairyu card registrado expirou. Por favor,poderia enviar as fotos de frente e verso do Zairyu card atualizado?"
Registro/Atualizacao de Documento,Bom dia ! Não estou conseguindo enviar dinheiro para o Brasil gostaria de saber qual o motivo,"Bom dia A sua conta está inativa,porque o zairyu card registrado expirou. Por favor,poderia enviar as fotos de frente e verso do Zairyu card atualizado?"
Reembolso,Olá bom dia ! Sobre o reembolso Quantos dias. Demora pra cair na conta ?,Demora 1 dia util.
Acesso a conta,Boa tarde Eu gostaria usar o aplicativo da brastel mas nao lembro usuario nem a senha .não tenho como acessar,"Na tela de login do aplicativo, por gentileza vá na opção Esqueci minha senha. Será enviado uma senha temporária e nome de usuário para login no referido email."
Cadastro de beneficiario,"Boa tarde Gostaria de fazer atualizar os dados do meu beneficiário EE BBB  Bradesco Agência : xxx~x Conta corrente: yyyyy~y Endereço Av: CCC de CCC, nxn  CPF: xxxxxxxxxww EE BBB","Obrigado por informar, os dados da beneficiária foram atualizados com sucesso."
Cadastro de beneficiario,"Boa tarde, se eu for enviar uma remessa em nome de um outro beneficiário que não está cadastrado, como eu poderia fazer? Desde já agradeço.","oa tarde Todo beneficiário deve ser cadastrado Assim, pedimos que nos informe os dados abaixo relacionado ao beneficiário:  DADOS DO BENEFICIÁRIO  NOME COMPLETO: GRAU DE PARENTESCO: ENDEREÇO NO BRASIL: (Cidade e Estado apenas) CIDADE: ESTADO: TEL.DE CONTATO NO BRASIL: NOME DO BANCO: NÚMERO DA AGÊNCIA: NOME DA AGÊNCIA: (caso não tenha, deixar em branco NúMERO DA CONTA: TIPO DE CONTA(corrente ou poupança): NÚMERO DO CPF:"
Como se inscrever,Como enviar dinheiro do Japão?,"Bom dia!  Você já tem cadastro na Brastel Remit?  Caso ainda não tenha,  Para se inscrever no serviço de remessa, por favor, baixe o aplicativo Brastel Remit e registre todos os dados solicitados. Assim vamos validar sua inscrição e você já poderá registrar os seus beneficiários. Com o app Brastel Remit você terá independência para fazer a remessa por conta própria e a qualquer horário https://brastelremit.jp/por/24h"
Como se inscrever,Como posso me inscrever no serviço de remessa?,"Bom dia!  Para se inscrever no serviço de remessa, por favor, baixe o aplicativo Brastel Remit e registre todos os dados solicitados. Assim vamos validar sua inscrição e você já poderá registrar os seus beneficiários. Com o app Brastel Remit você terá independência para fazer a remessa por conta própria e a qualquer horário https://brastelremit.jp/por/24h"
Termos e condicoes do servico,Olá! Bom dia! Eu gostaria de saber qual o limite de dinheiro eu posso transferir para o Brasil???,Olá! Bom dia! Eu gostaria de saber qual o limite de dinheiro eu posso transferir para o Brasil???
Acesso a conta,Não consigo enviar dinheiro pra minha irmã no Brasil! Vcs podem ver o que está acontecendo por favor!,"Bom dia A sua conta não está inativa, está em modo temporario. Enviamos uma senha temporaria no seu email (zzzzzzz@vvvv.com). Você poderia verificar e acessar seu aplicativo com seu nome de usuário e senha temporária e depois criar uma nova senha?"
Registro/Atualizacao de Documento,Olá minha conta está inativa mas eu já atualizei os dados e o documento Como faço para ativar de novo,"Olá,   O seu cadastro já está ativo e apto para enviar remessas.  Qualquer dúvida estamos à disposição. Obrigado."
Como se inscrever,Como posso me inscrever no serviço de remessa?,"Bom dia!  Para se inscrever no serviço de remessa, por favor, baixe o aplicativo Brastel Remit e registre todos os dados solicitados. Assim vamos validar sua inscrição e você já poderá registrar os seus beneficiários. Com o app Brastel Remit você terá independência para fazer a remessa por conta própria e a qualquer horário https://brastelremit.jp/por/24h"
Acesso a conta,Bom dia quero acessar uma nova senha,"Bom dia! O senhor lembra da senha atual? Se sim, a alteração da senha pode ser feita diretamente pelo app.  Menu > Minha conta > Alterar senha."
Acesso a conta,Não lembro da senha,"Caso não lembre da senha atual, poderá solicitar uma senha temporária por email. Enviamos um email com a senha temporária e o nome de usuário para o senhor logar no app. ooooo1xxx@sss.com"
Reembolso,"Boa tarde, então fazer o reembolso ainda hoje por gentileza! Pois o dinheiro tinha que estar lá amanhã para pagar fatura, desde já agradeço!","Boa tarde, Para processarmos o reembolso, por favor, poderia nos enviar as fotos frente e verso do Zairyu card e da caderneta bancária da KKK MMMM?"
Como se inscrever,Presiva de abrtir uma conta,"Boa tarde Para se inscrever no serviço de remessa, por favor, baixe o aplicativo Brastel Remit e registre todos os dados solicitados. Assim vamos validar sua inscrição e você já poderá registrar os seus beneficiários. Com o app Brastel Remit você terá independência para fazer a remessa por conta própria e a qualquer horário https://brastelremit.jp/por/24h"
Como se inscrever,"Boa noite, td bom! Gostaria saber se posso fazer o cartão? Para remessa  nao","Não encontramos o seu cadastro Já fez a inscrição na Brastel?   Assim que o seu cadastro for aprovado, a senhora pode solicitar o cartão de depósito através do próprio aplicativo da Brastel. Para se inscrever no serviço de remessa, por favor, baixe o aplicativo Brastel Remit e registre todos os dados solicitados. Assim vamos validar sua inscrição e você já poderá registrar os seus beneficiários. Com o app Brastel Remit você terá independência para fazer a remessa por conta própria e a qualquer horário https://brastelremit.jp/por/24h "
Registro/Atualizacao de Documento,Bom dia! Mim chamo DDD ! Não estou conseguindo Abrir com a minha senha o meu aplicativo.,"Verificamos que o seu cadastro está cadastrado com o zairyu card vencido. Por favor, poderia nos enviar as fotos do seu zairyu card atualizado para atualizar o seu cadastro? fotos frente e verso."
Como depositar,"Solicitei o cartão da Brastemp,mas queria saber se tem como depositar antes do cartão chegar?","Sim, o sr pode depositar utilizando a sua própria conta do banco do correio ou outros bancos pela transferência bancária O passo a passo está no app: menu -> instruções de depósito -> transferência bancária"
Atualizacao de dados cadastrais,Bom dia! Poderiam por favor atualizar meus dados! Obrigada!,"Bom dia, Flavia!  O seu cadastro foi atualizado com sucesso! Qualquer dúvida estamos à disposição. Obrigado."
Como se inscrever,Boa tarde… Tenho uma conhecida que é peruana… Ela quer saber se envia dinheiro ao Perú também. O Que precisa para fazer cadastro?! Aguardo… Obrigada,"Boa tarde! Sim fazemos remessas do Japão para o Peru também. Por gentileza, peça a ela seguir as instruções abaixo: Para se inscrever no serviço de remessa, por favor, baixe o aplicativo Brastel Remit e registre todos os dados solicitados. Assim vamos validar sua inscrição e você já poderá registrar os seus beneficiários. Com o app Brastel Remit você terá independência para fazer a remessa por conta própria e a qualquer horário https://brastelremit.jp/por/24h"
Cadastro de beneficiario,"Estou ligando nos numero que tenho e nenhum atende, como se os números não estivesse mas funcionando Preciso fazer o cadastro de um pessoa do Brasil pra poder enviar um dinheiro como faço",Em seu app: Menu -> Beneficiários -> Adicionar Beneficiário depois é só prreencher com os dados bancários
Cadastro de beneficiario,Oi Boa tarde Como eu faço pra excluir um contato?,Boa tarde! Pelo aplicativo da Brastel:  Menu -> Beneficiários -> Clicar no beneficiário -> Excluir
Registro/Atualizacao de Documento,Eu enviei a foto do meu zairyu atualizado Será que já posso usar o cartão?,"Sim, já pode enviar as remessas"
Reembolso,"Ok, entendi, vou providenciar um familiar pra fazer a remessa ! Como que peço o reembolso dos valores ?","Bom dia! O reembolso deve ser solicitado via aplicativo acessando o Menu > Minha Conta > Reembolso. Qualquer dúvida, estaremos à disposição!"
Termos e condicoes do servico,Olá boa tarde tenho o novo cartão da brastel pra remessas grandes porém nunca usei e gostaria de usar é igual o outro ou muda alguma coisa por nunca ter usado ?,"Bom dia, C#5364427  Para quem efetua depósitos acima de 100mil o novo cartão ira facilitar pois poderá ser efetuado com um único deposito. Às taxas de depósito do cartão laranja variam de acordo com o dia e o horário do depósito:  Valor máximo por deposito: 1.000.000 . Taxas de deposito: Segunda a sexta (8:45 ~ 18:00) Sabado (9:00 ~ 14:00) 1.000 ~ 110.000 =440 110.001 ~ 1.000.000 = 550  Fora dos horários indicados acima e nos feriados bancários: 1.000 ~ 110.000 = 550 110.001 ~ 1.000.000 = 660  As taxas serão deduzidas quando o dinheiros for transferido para o saldo da sua conta no aplicativo (App)."
Cadastro de beneficiario,Bom dia gostaria de umas informações Se por essa conta do brastel remit eu consigo enviar dinheiro para o Vietnã?,"Bom dia, ! C#6692628  Sim, ao clicar para registrar um novo beneficiário em opções de destino está disponível para enviar para o Vietnã. Qualquer dúvida estamos à disposição. Obrigado."
Cadastro de beneficiario,"Bom dia,meu filho trocou de serviço no Brasil,por isso teve q trocar de conta,já cadastrei os dados novos,preciso esperar pra fazer remessa??","Boa tarde, sra FFFF  Com os dados já registrados, a senhora ja pode fazer a remessa. Confira os dados bancários do seu beneficiário antes de enviar. RRRR AAAA Qualquer dúvida estamos à disposição. Obrigado."
Cadastro de beneficiario,Como faço para abrir conta para enviar dinheiro para pagar imóvel Para conta jurídica  E banco digital?,"Para se inscrever no serviço de remessa, por favor, baixe o aplicativo Brastel Remit e registre todos os dados solicitados. Assim vamos validar sua inscrição e você já poderá registrar os seus beneficiários. Com o app Brastel Remit você terá independência para fazer a remessa por conta própria e a qualquer horário https://brastelremit.jp/por/24h "
Solicitacao de cartao de remessas,Qual conta vai ter que abrir  Cadastrando o aplicativo já da para enviar dinheiro?  Vcs envia o cartão pra mim ?,"O sr se inscreve na conta da Brastel, e poderá solicitar o cartão de depósito para colocar o valor no seu saldo. Assim que cadastrado o beneficiário, com todas as informações bancárias e CPF/CNPJ, basta enviar a remessa. É tudo realizado dentro do app"
Solicitacao de cartao de remessas,Gostaria de saber se um cartão de deposito que solicitei esta sendo enviado?     Tem como ser um de cada ? O verde e o laranja,"Bom dia, C#6489058  Não há registros de solicitação do cartão. Por favor poderia nos informar qual cartão deseja solicitar, o verde Yucho ou o novo cartão (laranja)?    Bom dia, O cartão laranja do senhor já foi enviado. Para efetuarmos o envio do cartão verde, o senhor pode me confirmar se continua no mesmo endereço?"
Solicitacao de cartao de remessas,Olá tudo bem  voce vai me enviar cartão para fazer a remessa,Você gostaria de um novo cartão? Por favor confirme seu endereço abaixo:  Postal Code xxx-zzzz Prefecture AAAA-KEN City / Ward SSSS-SHI Area AAAAA Number 61 Complement
Acesso a conta,"Bom dia! Eu tinha um ID e senha provisória, pois não estou conseguindo usar meu app e agora não estou conseguindo entrar na minha conta pelo PC. Muito obrigada","Bom dia, para enviarmos uma nova senha temporária, por favor confirme seu e-mail zzzzz@aaa.com"
Tempo de remessa,Boa tarde uma consulta Se eu fizer uma remessa no sábado pela manhã dar pra chegar no Brasil na sexta a noite,"Boa tarde,  A maioria dos pagamentos estão sendo feitos via PIX. Os pagamentos feitos via PIX, são pagos no mesmo dia do envio da remessa, porém quando o PIX não for possível, o banco faz o pagamento via TED que nesse caso somente durante o expediente bancário no Brasil. Qualquer dúvida estamos à disposição. Obrigado."
Termos e condicoes do servico,"Olá! Boa noite Então o limite do valor e de 800 mil yens, mas quero entender se posso enviar 400 mil yens de uma vez??? Ou por vez de 100 mil yens por vez???","Bom dia O limite por transação: 800.000 ienes Limite diário: 1.000.000 ienes Você pode enviar os 400 mil de uma vez. Mas o seu cartão da Brastel limite e ate 100 mil por deposito,precisaria fazer 5 depositos para chegar no valor de 400 mil + taxas de cada deposito de 100 mil. Temos uma opção de depósito com cartão de 1 milhão de ienes e você pode solicitá-lo através do seu aplicativo."
Tempo de remessa,Quanto tempo levará para o beneficiário receber o dinheiro?,"Plantão Especial Bom dia A maioria dos pagamentos estão sendo feitos via PIX. Os pagamentos feitos via PIX, geralmente são pagos no mesmo dia do envio da remessa, porém quando o PIX não for possível, o banco vai pagar via TED que nesse caso somente durtante o expediente bancário no Brasil. Qualquer dúvida estamos à disposição.  Obrigado"
Como se inscrever,Bom dia vcs pode me enviar o documento para mim preencher para mandar dinheiro o Brasil Queria saber como mandar dinheiro pelo pix com celular,"Para se inscrever no serviço de remessa, por favor, baixe o aplicativo Brastel Remit e registre todos os dados solicitados. Assim vamos validar sua inscrição e você já poderá registrar os seus beneficiários. Com o app Brastel Remit você terá independência para fazer a remessa por conta própria e a qualquer horáriohttps://brastelremit.jp/por/24hh "
Como se inscrever,Olá boa tarde gostaria de saber como faço para obter um Cartão de remessa brastel ?,"Bom dia!  A senhora precisa se inscrever através do aplicativo Brastel Remit e solicitar o cartão pelo app. Para se inscrever no serviço de remessa, por favor, baixe o aplicativo Brastel Remit e registre todos os dados solicitados. Assim vamos validar sua inscrição e você já poderá registrar os seus beneficiários. Com o app Brastel Remit você terá independência para fazer a remessa por conta própria e a qualquer horário https://brastelremit.jp/por/24h "
Como se inscrever,Como enviar dinheiro do Japão?,"Bom dia!  Para se inscrever no serviço de remessa, por favor, baixe o aplicativo Brastel Remit e registre todos os dados solicitados. Assim vamos validar sua inscrição e você já poderá registrar os seus beneficiários. Com o app Brastel Remit você terá independência para fazer a remessa por conta própria e a qualquer horário https://brastelremit.jp/por/24h"
Como se inscrever,Como enviar dinheiro do Japão?,"Bom dia!  Para se inscrever no serviço de remessa, por favor, baixe o aplicativo Brastel Remit e registre todos os dados solicitados. Assim vamos validar sua inscrição e você já poderá registrar os seus beneficiários. Com o app Brastel Remit você terá independência para fazer a remessa por conta própria e a qualquer horário https://brastelremit.jp/por/24h "
Tempo de entrega do cartao,Olá! Boa noite! Então gostaria que vc me confirme se chegou o meu pedido de cartão novo pra remessa de 1.000.00 mil yens??? O dia do pedido foi hj e gostaria de saber qdo mais ou menos estarei recebendo??? Desde já agradeço,"Bom dia,  O cartão foi solicitado com sucesso chegará num prazo de 3 a 4 dias uteis. Qualquer dúvida estamos à disposição. Obrigado.  "
Acesso a conta,Oi bom dia Quero entrar na minha conta da Brastel mas tô sem o cartão Não,"Bom dia, O senhor não lembra da senha de login?  "
Acesso a conta,Olá boa noite estou tentando entrar em minha conta e não estou conseguindo abrir,"Bom dia, ! C#3200326  Para recuperar o acesso a sua conta na Brastel, por favor confirme o seu email para receber uma senha temporária e o nome do usuário.  Seu email registrado: aaaa.sss@dd.com"
Tempo de remessa,Bom dia fiz uma transação hoje mas até agora não caiu,"Bom dia, C#6001762  Em geral as remessas são pagas no mesmo dia. Infelizmente, o Pix no Brasil tem bastante instabilidade e não tem previsão de acontecer. Fazemos o possível para que seja paga rapidamente.  Por favor, aguarde.  Qualquer dúvida estamos à disposição. Obrigado."
Termos e condicoes do servico,"Qual o valor, taxa que e cobrada para remessa ao Brasil",Taxa de envio: Remessas até ¥30.000 taxa ¥880 De ¥30.001~¥300.000 taxa ¥1.480 De ¥300.001~¥800.000 taxa ¥1.680
Acesso a conta,Eu não lembrava mais a senha . Ai acabei fazendo tudo de novo..,"Bom dia,   Informamos que a sua inscrição foi cancelada devido à falta de resposta há mais de 6 meses. Por favor, se inscreva novamente pelo nosso aplicativo."
Tempo de entrega do cartao,Ola Em quantos dia chega o cartão de remessa?,Dentro de 3 a 4 dias úteis.
Como se inscrever,Como enviar dinheiro do Japão?,"Para se inscrever no serviço de remessa, por favor, baixe o aplicativo Brastel Remit e registre todos os dados solicitados. Assim vamos validar sua inscrição e você já poderá registrar os seus beneficiários. Com o app Brastel Remit você terá independência para fazer a remessa por conta própria e a qualquer horário https://brastelremit.jp/por/24h"
Como se inscrever,Como-faco-pra-enviart-dinheiro-por-voces,"Para se inscrever no serviço de remessa, por favor, baixe o aplicativo Brastel Remit e registre todos os dados solicitados. Assim vamos validar sua inscrição e você já poderá registrar os seus beneficiários. Com o app Brastel Remit você terá independência para fazer a remessa por conta própria e a qualquer horário https://brastelremit.jp/por/24h"
Como se inscrever,Como posso me inscrever no serviço de remessa?,"Para se inscrever no serviço de remessa, por favor, baixe o aplicativo Brastel Remit e registre todos os dados solicitados. Assim vamos validar sua inscrição e você já poderá registrar os seus beneficiários. Com o app Brastel Remit você terá independência para fazer a remessa por conta própria e a qualquer horário https://brastelremit.jp/por/24h"
Cadastro de beneficiario,Bom dia tudo bem com vocês eu precisava daquele modelo onde prenche os dados do beneficiário vcs pode me enviar pelo WhatsAplicativo para smartphones do servico de remessas para mim fazendo favor,"Bom dia, ! C#3249042 DADOS DO BENEFICIÁRIO  NOME COMPLETO: GRAU DE PARENTESCO: ENDEREÇO NO BRASIL: (Cidade e Estado apenas) CIDADE: ESTADO: TEL.DE CONTATO NO BRASIL: NOME DO BANCO: NÚMERO DA AGÊNCIA: NOME DA AGÊNCIA: (caso não tenha, deixar em branco NúMERO DA CONTA: TIPO DE CONTA(corrente ou poupança): NÚMERO DO CPF:"
Cadastro de beneficiario,Bom dia tenho uma beb ficiaria que tá com problema na conta dela do Brasil vocês podem trocar os dados bancário dela a conta era da caixa econômica agora vai ser do cicredi vou enviar cópia do cartão dela junto vocês podem conferir com os dados se tá certo número da conta código da agência amanhã eu vou enviar dinheiro para essa pessoa obrigado pela atenção,"Bom dia, ! C#3249042 DADOS DO BENEFICIÁRIO  NOME COMPLETO: GRAU DE PARENTESCO: ENDEREÇO NO BRASIL: (Cidade e Estado apenas) CIDADE: ESTADO: TEL.DE CONTATO NO BRASIL: NOME DO BANCO: NÚMERO DA AGÊNCIA: NOME DA AGÊNCIA: (caso não tenha, deixar em branco NúMERO DA CONTA: TIPO DE CONTA(corrente ou poupança): NÚMERO DO CPF:"
Cadastro de beneficiario,Obrigada Gostaria de outra informação Pra enviar remessas pra empresa jurídica o que precisa?,"Bom dia, ! C#3249042 DADOS DO BENEFICIÁRIO  NOME COMPLETO: GRAU DE PARENTESCO: ENDEREÇO NO BRASIL: (Cidade e Estado apenas) CIDADE: ESTADO: TEL.DE CONTATO NO BRASIL: NOME DO BANCO: NÚMERO DA AGÊNCIA: NOME DA AGÊNCIA: (caso não tenha, deixar em branco NúMERO DA CONTA: TIPO DE CONTA(corrente ou poupança): NÚMERO DO CPF:"
Cadastro de beneficiario,Bom dia como eu faço pra colocar o SSS beneficiário Pra enviar dinheiro no Brasil,"Bom dia, A senhora pode registrar beneficiário através do APP.  1. Clicar nas 3 linhas no canto esquerdo superior.  2.Beneficiários  3.Adicionar beneficiário.    Qualquer dúvida estamos à disposição. Obrigado."
Tempo de entrega do cartao,Boa tarde será que vcs consegue me informar Se meu cartão de remessa Já me enviaram e que até sábado tenho que enviar um dinheiro para o Brasil  Fiz na sexta feira,"Boa tarde, O cartão já saiu da Brastel. Ainda está dentro do prazo de entrega. Por gentileza aguardar mais um pouco."
Como se inscrever,como Faso pra dinheiro pra brasil,"Boa tarde, O senhor já tem cadastro na Brastel Remit? Caso ainda não tenha, a inscrição deve ser feita através do aplicativo Brastel Remit. https://brastelremit.jp/24h/#/por/ Qualquer dúvida estamos à disposição. Obrigado."
Cadastro de beneficiario,"por favor DADOS DO BENEFICIÁRIO  NOME COMPLETO: LLL  TTT  GRAU DE PARENTESCO: sobrinha ENDEREÇO NO BRASIL: Rua SSSS  nXX. CIDADE: AAAA ESTADO: BBBBB TEL.DE CONTATO NO BRASIL: xxxxxxxx NOME DO BANCO:Nubank NÚMERO DA AGÊNCIA:xxxxx NOME DA AGÊNCIA: (caso não tenha, deixar em branco NúMERO DA CONTA:xxxxx-a TIPO DE CONTA: corrente NÚMERO DO CPF: xxxxxxxxxxx",Por favor registre o beneficiário através do aplicativo. Menu > Beneficiários > Adicionar beneficiário > Digite as informações do beneficiário
Como se inscrever,Como posso me inscrever no serviço de remessa?,"Bom dia!  Para se inscrever no serviço de remessa, por favor, baixe o aplicativo Brastel Remit e registre todos os dados solicitados. Assim vamos validar sua inscrição e você já poderá registrar os seus beneficiários. Com o app Brastel Remit você terá independência para fazer a remessa por conta própria e a qualquer horário https://brastelremit.jp/por/24h"
Como se inscrever,Como enviar dinheiro do Japão?,"Bom dia!  Para se inscrever no serviço de remessa, por favor, baixe o aplicativo Brastel Remit e registre todos os dados solicitados. Assim vamos validar sua inscrição e você já poderá registrar os seus beneficiários. Com o app Brastel Remit você terá independência para fazer a remessa por conta própria e a qualquer horário https://brastelremit.jp/por/24h"
Como depositar,Boa noite será que posso fazer transferência do banco shizuoka para a Brastel ?,"Bom dia, Sim, a senhora consegue fazer transferência pelo banco Shizuoka. Acesse em seu aplicativo: Menu > Instruções de depósito > Transferência bancária > Outos bancos. E siga o passo a passo."
Registro/Atualizacao de Documento,Bom dia Meu zayro acabou de expirar mas já entrei com o processo junto a imigração a mais de um mês mas devido aos terremotos eles alegaram que os computadores tiveram problemas Estou com o carimbo do aplication O protocolo ele nos deu somente no nome da minha esposa,"Por favor,aguarde. Departamento responsavel esta checando as fotos enviadas."
Atualizacao de dados cadastrais,,Seu endereço foi atualizado com sucesso. Você pode solicitar o cartão amarelo pelo app.
Termos e condicoes do servico,Bom dia por favor gostaria de saber qual o valor da remessa para o Brasil,"Boa tarde,  TAXAS DE REMESSAS: Remessas até ¥30.000 taxa ¥880 De ¥30.001~¥300.000 taxa ¥1.480 De ¥300.001~¥800.000 taxa ¥1.680 Qualquer dúvida estamos à disposição. Obrigado."
Termos e condicoes do servico,Obg por informação. por favor informe-me o total que posso enviar por mês para o Brasil?,"Olá, !  O limite por remessa: 800.00 ienes Limite diário: 1.000.000 ienes ; Valor máximo de remessa por mês: ¥5.000.00 Qualquer dúvida estamos à disposição. Obrigado."
Como depositar,Mão uma pergunta: da para eu fazer o depósito a partir da minha conta do correio usando o cartão de depósito da minha esposa?,"Para fazer a transferência a partir da sua conta do correio, você deve utilizar apenas o cartão de sua própria conta bancária."
Como depositar,Boa tarde tudo bem se puder botar no aplicativo para mim a remessa aí fico agradecido aí ta o comprovante  Obrigado,"Boa tarde, Sua remessa está em processamento. Depósitos com o cartão laranja da brastel , demora alguns minutos para entrar no saldo do aplicativo. Qualquer dúvida estamos à disposição. Obrigado."
Como depositar,Depósito feito,"Boa tarde. Por gentileza, aguarde alguns minutos. Estamos processando a transferencia para o saldo do seu app. Muito obrigada e otimo fim de semana."
Registro/Atualizacao de Documento,Posso mandar a foto do cartao de registro de estrangeiros card atual?,"Boa tarde! Sim, por favor! Seu cadastro foi atualizado. Muito obrigado."
Termos e condicoes do servico,Oi queria Saber ate qto pode mandar na remessa em dinheiro,"O limite por transação: 800.000 ienes Limite diário: 1.000.000 ienes Até 30 transações por mês.  Nota: Dependendo da soma total dos valores enviados, o departamento responsável poderá solicitar documentos adicionais. Caso isso seja necessário, entraremos em contato com o cliente."
Tempo de entrega do cartao,Bom dia sabe informar se meu cartão já foi enviado pro meu endereço falou 4 dia até agora nada tem algum número que eu possa liga pra fala com alguém ver oque stâ acontecendo tô precisando enviar dinheiro rápido,"Boa tarde! Verificamos no sistema que o cartão foi solicitado no dia 21/05. Ele demora de 3 a 4 dias úteis para chegar no endereço, então pedimos por gentileza que aguarde pelo menos até segunda-feira."
Como se inscrever,Como posso me inscrever no serviço de remessa?,"Para se inscrever no serviço de remessa, por favor, baixe o aplicativo Brastel Remit e registre todos os dados solicitados. Assim vamos validar sua inscrição e você já poderá registrar os seus beneficiários. Com o app Brastel Remit você terá independência para fazer a remessa por conta própria e a qualquer horário https://brastelremit.jp/por/24h "
Tempo de remessa,Quanto tempo levará para o beneficiário receber o dinheiro?,"Via de regra, as remessas serão pagas via PIX dentro de algumas horas, se todos os dados estiverem corretos."
Termos e condicoes do servico,"Olá, tudo bem? Vocês enviam dinheiro do Japão para a Coreia do Sul?","Olá, tudo bem? Vocês enviam dinheiro do Japão para a Coreia do Sul?"
Como depositar,Olá td bem ? para fazer a transferência preciso do cartão da Brastel?,"Plantão Especial Bom dia Você poderá colocar o valor da remessa no saldo do seu aplicativo por meio do cartão de depósito ou então com seu cartão do banco, ambos passo a passo estão no app.  Para depositar por transferência bancária (cartão do banco do correio), segue o passo a passo: 1. Clicar nas 3 linhas no canto esquerdo do App da Brastel 2. Instruções de depósito 3. Transferência bancária (conta no correio). 4. Selecionar o ATM 5. Seguir o passo a passo, exatamente como está no App."
Registro/Atualizacao de Documento,Quero envia dinheiro para o Brasil me ajude,"Plantão Especial Bom dia Como posso ajudar? A sua conta está inativa,porque o zairyu card registrado expirou. Por favor,poderia enviar as fotos de frente e verso do Zairyu card atualizado?"
Problemas de remessa,Ola bom dia Sobreminhs remessa feita ontem as 12:00 horas Ainda nao chegou Aconteceu algo ?,"Bom dia A sua remessa esta processando. Enviamos uma mensagem ao nosso correspondente no Brasil, para verificar se houve"
Problemas de remessa,"Olá bom dia, fiz a solicitação de uma remessa para o Brasil e ainda não recebi o depósito do valor","Bom dia, Não recebemos a confirmação do banco. Vamos enviar um pedido de verificação. Devido ao fuso horário, pedimos por gentileza que aguarde. Obrigado,  Qualquer dúvida estamos à disposição."
Como depositar,Não consigo fazer o depósito Usando o cartão que vocês me enviou,"Bom dia, Lembre-se que o limite de depósito é ¥100,000 ienes por deposito, caso o valor seja maior poderá fazer depósitos seguidos. Certifique-se que está realizando a operação no ATM do correio ou no verde do FamilyMart. Limpe com um lencinho o cartão e se possível, tente realizar a operação em outro caixa eletrônico. Se mesmo assim não for possível realizar o depósito, gentileza nos solicitar outro cartão com a confirmação do seu endereço."
Tempo de remessa,Boa tarde Gostaria de tirar uma dúvida Se eu mandar dinheiro hj chegará no Brasil hj mesmo?,"Boa tarde, Em geral as remessas são pagas no mesmo dia, até o final do expediente bancário no Brasil."
Como depositar,Tenho o cartão Brastel....mas não estou conseguindo depositar.,O ATM da conveniência que o senhor está realizando o depósito é o ATM de cor verde?
Como se inscrever,Oi como fazer pra enviar dinheiro pra o destinario no Brasil,"Para se inscrever no serviço de remessa, por favor, baixe o aplicativo Brastel Remit e registre todos os dados solicitados. Assim vamos validar sua inscrição e você já poderá registrar os seus beneficiários. Com o app Brastel Remit você terá independência para fazer a remessa por conta própria e a qualquer horário https://brastelremit.jp/por/24h  "
Problemas de remessa,"Boa tarde minha remessa realiza ontem ainda não caiu na minha conta,porq?","O atraso no pagamento da remessa pode acontecer devido a instabilidade no sistema de pagamento no Brasil, ou pelos dados bancários incorretos. Estamos verificando com o banco pagador no Brasil em relação a sua remessa que ainda não foi paga ao beneficiário. Devido ao fuso horário, pedimos por gentileza que aguarde. Agradecemos a sua compreensão."
Como se inscrever,Como enviar dinheiro do Japão?,"Para se inscrever no serviço de remessa, por favor, baixe o aplicativo Brastel Remit e registre todos os dados solicitados. Assim vamos validar sua inscrição e você já poderá registrar os seus beneficiários. Com o app Brastel Remit você terá independência para fazer a remessa por conta própria e a qualquer horário https://brastelremit.jp/por/24h  "
Como se inscrever,Como posso me inscrever no serviço de remessa?,"Para se inscrever no serviço de remessa, por favor, baixe o aplicativo Brastel Remit e registre todos os dados solicitados. Assim vamos validar sua inscrição e você já poderá registrar os seus beneficiários. Com o app Brastel Remit você terá independência para fazer a remessa por conta própria e a qualquer horário https://brastelremit.jp/por/24h  "
Problemas de remessa,Faz mais de um dia qie fiz uma remessa e o dinheiro ainda não caiu na minha conta!,"Bom dia, Thiago! C#6149173  Não recebemos a confirmação do banco.  Vamos enviar um pedido de verificação. Devido ao fuso horário, pedimos por gentileza que aguarde. Obrigado.    "
Registro/Atualizacao de Documento,Bom dia Ja atualizei meu zaryu card no aplicativo Por favor verificar  Atenciosamente,A sua conta esta ativa. Qualquer dúvida estamos à disposição.  Obrigado
Tempo de remessa,Qual o tempo de chegada prevista,"A maioria dos pagamentos estão sendo feitos via PIX. Os pagamentos feitos via PIX, geralmente são pagos no mesmo dia do envio da remessa, porém quando o PIX não for possível, o banco vai pagar via TED que nesse caso somente durtante o expediente bancário no Brasil."
Registro/Atualizacao de Documento,,O seu cadastro foi atualizado com sucesso! Agora o Sr. já pode enviar remessas.  Qualquer dúvida estamos à disposição. Obrigado!
Registro/Atualizacao de Documento,,"Boa tarde, seu cadastro foi atualizado. Qualquer dúvida estamos à disposição. Obrigado."
Cadastro de beneficiario,Gostaria de saber se consigo incluir um beneficiário que t conta num banco digital Nubank,"Boa tarde! Sim, é possível, também trabalhamos com contas digitais. É só registrar o número da conta do beneficiário no aplicativo e a agência (para bancos digitais normalmente é 0001)"
Problemas de remessa,Boa tarde Enviei uma remessa para o Brasil dia 25/05 e até agora esse dinheiro não caiu na conta destinada,"O atraso no pagamento da remessa pode acontecer devido a instabilidade no sistema de pagamento no Brasil, ou pelos dados bancários incorretos. Já estamos verificando com o banco pagador no Brasil em relação a sua remessa que ainda não foi pago ao beneficiário. Devido ao fuso horário e horário de atendimento bancário no Brasil, pedimos por gentileza que aguarde. Agradecemos a sua compreensão.  "
Registro/Atualizacao de Documento,,"Seu cadastro foi estendido e está apto a enviar remessas. Quando chegar o novo Zairyu Card, por gentileza registre-o em seu app."
Problemas de remessa,Eu enviei dinheiro antes de ontem e até agora não caiu na conta do Brasil,"O atraso no pagamento da remessa pode acontecer devido a instabilidade no sistema de pagamento no Brasil ou pelos dados bancários incorretos. Vamos verificar com o banco pagador no Brasil em relação a sua remessa que ainda não foi pago ao beneficiário. Devido ao fuso horário, pedimos por gentileza que aguarde. Agradecemos a sua compreensão."
Acesso a conta,Bom dia... não estou conseguindo acesso no aplicativo... senha não funciona....nome de usuário não funciona.,"Bom dia, A senhora tentou acessar o cadastro com o usuário e senha temporário enviado ontem para o e-mail: xxxxxx@sss.com"
Solicitacao de cartao de remessas,Quero trocar o cartão laranja pelo verde como faço ?,Você poderia confirmar seu endereço para enviar um novo cartão?
Problemas de remessa,Oi vi aqui que ainda nao caiu minha remessa efetuada dia 24 Aconteceu algo,"Bom dia, A remessa está pendente devido aos dados estarem incorretos. Por favor, a senhora poderia conferir os dados bancários, e entrar em contato com a brastel, para correção?"
Problemas de remessa,"Olá td bem ? Pode me informar se está tudo certo com a última remessa que fiz ? Pois normalmente o destinatário recebe em poucas horas e dessa vez , me chamou dizendo que ainda não recebeu !","Olá, !  Vamos enviar um pedido de verificação. Devido ao fuso horário, pedimos por gentileza que aguarde. Obrigado."
Registro/Atualizacao de Documento,Boa tarde Estou enviando a foto do meu cartao de registro de estrangeiros card novo para atualização de cadastro obrigado,"Obrigado por enviar, vamos atualizar o seu cadastro."
Solicitacao de cartao de remessas,Boa tarde Eu perdi meu cartão verde para remessa....e gostaria de outro Como faço para pedir de novo,"Boa tarde, Para podemos prosseguir com o envio do cartão, por favor, poderia confirmar o endereço?"
Como se inscrever,Como enviar dinheiro do Japão?,"Boa tarde!  Para se inscrever no serviço de remessa, por favor, baixe o aplicativo Brastel Remit e registre todos os dados solicitados. Assim vamos validar sua inscrição e você já poderá registrar os seus beneficiários. Com o app Brastel Remit você terá independência para fazer a remessa por conta própria e a qualquer horário https://brastelremit.jp/por/24h"
Problemas de remessa,A remessa q fiz no dia 25 está pendente eu não tenho foto do cartão posso trocar o nome do beneficiário? A conta será a msm,"Boa tarde, O banco informou que ficou pendente por dados divergentes."
Solicitacao de cartao de remessas,Oi minha conta antiga foi perdida por conta de eu nao ter acessado por 2 anos . E ai eu apaguei a conta e fiz outra mas não recebi o cartao ainda,"Não há solicitação de cartões O pedido dos cartões devem ser feitos através do aplicativo.  Por favor, poderia acessar Menu > Minha conta > Cartão e código de depósito para fazer o pedido?"
Problemas de remessa,"Bom dia!! Fiz um deposito na conta da caixa econômica no Brasil , mas o dinheiro não entrou qual o problema","O atraso no pagamento da remessa pode acontecer devido a instabilidade no sistema de pagamento no Brasil. Vamos verificar com o banco pagador no Brasil em relação a sua remessa que ainda não foi pago ao beneficiário. Devido ao fuso horário, pedimos por gentileza que aguarde. Agradecemos a sua compreensão."
Solicitacao de cartao de remessas,Fiz minha inscrição on-line e agora estou aguardando o cartão remessa. No ato da inscrição não foi pedido o endereço atual. Mesmo assim vou receber o cartão em casa?,"Boa tarde, Para podemos prosseguir com o envio do cartão, por favor, poderia confirmar o endereço?"
Registro/Atualizacao de Documento,"Bom dia Estou com visto de um Mes,e precisar embora dinheiro pro Brasil Preciso enviar dinheiro hi,pra manutencao familiar","Bom dia A sua conta está inativa,porque o zairyu card registrado expirou. No aplicativo clique em ->Minha conta ->Perfil ->Atualizar documento E envie as imagens frente e verso do seu zairyu card pelo aplicativo. Por favor, primeiro precisamos ativar sua conta."
Problemas de remessa,Bom dia Fiz uma remessa mais ainda não foi processada Geralmente e rápido nem o email de confirmação chegou ainda,"Bom dia, C#3007291  Não recebemos a confirmação do banco.  Vamos enviar um pedido de verificação. Devido ao fuso horário, a resposta não será imediata. Pedimos por gentileza que aguarde. Obrigado."
Cancelamento,"Bom dia, ontem eu recebi a notificação novamente que a remessa estava pendente e vi que o problema era porque eu coloquei o CPF errado, eu gostaria de cancelar a remessa pra mim reenviar novamente","Olá, !  Iremos solicitar o cancelamento. Porém, devido ao fuso horário e o horário de expediente bancário no Brasil, o cancelamento não será imediato.  Qualquer dúvida estamos à disposição. Obrigado."
Cancelamento,Pode cancelar a última remessa por favor,"Bom dia, Vamos enviar o pedido de cancelamento da última remessa que está pendente ao banco, pois os dados bancários estão incorretos Antes de reenviar uma remessa a este beneficiário, por favor corrigir os dados."
Registro/Atualizacao de Documento,Bom dia Estava falando com vocês pelo aplicativo Fiquei de mandar foto do zyrio pra recuperar minha conta,"Por favor, aguarde um momento.  Os dados de e-mail foram atualizados e um usuário e senha temporário foram enviados ao seu e-mail, tente logar por favor."
Como depositar,Eu queria saber se eu posso depositar no cartão verde pelo atm do combine. Pq do correio disse que não pode depositar esse horário.,"Pode ser pelo combine sim! Mas precisa ser o ATM verde, ok? Tem o passo a passo com as instruções para depositar no kombini também:  Menu -> Instruções de depósito -> Cartão de depósito yucho -> ATM compacto do Japan Post Bank"
Tempo de remessa,Quanto tempo levará para o beneficiário receber o dinheiro?,"Boa tarde,  A maioria das remessas da Brastel para o Brasil estão sendo realizadas via PIX. Assim, estão sendo pagas dentro de alguns minutos, se todos os dados estiverem corretos e a conta estiver apta a receber pagamentos via PIX. Qualquer dúvida estamos à disposição. Obrigado."
Como se inscrever,Como enviar dinheiro do Japão?,"Bom dia!  Para se inscrever no serviço de remessa, por favor, baixe o aplicativo Brastel Remit e registre todos os dados solicitados. Assim vamos validar sua inscrição e você já poderá registrar os seus beneficiários. Com o app Brastel Remit você terá independência para fazer a remessa por conta própria e a qualquer horário https://brastelremit.jp/por/24h"
Problemas de remessa,"Bom dia,tudo bem!? fiz uma remessa dia 27 pra minha filha e até agora ainda não caiu na conta dela,posso ter o dinheiro de volta!??","Bom dia, C#5638010  A sua remessa está em processamento. Os pagamentos são na mesma hora, pode ter havido alguma instabilidade no sistema.  Vamos enviar um pedido de verificação. Devido ao fuso horário, pedimos por gentileza que aguarde. Obrigado."
Problemas de remessa,"Bom dia,dia 27/05 fiz uma remessa para o banco itau e ainda não recebeu sendo que foi confirmado a remessa Eu verifiquei nas remessas e ainda não consta que foi pago","Bom dia, !  A sua remessa está em processamento. Os pagamentos são na mesma hora, pode ter havido alguma instabilidade no sistema.  Vamos enviar um pedido de verificação. Devido ao fuso horário, pedimos por gentileza que aguarde. Obrigado,"
Termos e condicoes do servico,Bom dia! Vcs enviam dinheiro para Austrália? Qto tempo leva?,"Bom dia,  C#1044491  Sim, também enviamos para Austrália.  - Prazo de entrega aproximado por depósito em conta bancária: 1 a 3 dias úteis.  Click no link para informações adicionais sobre os países além do Brasil: https://brastelremit.jp/por/fees Qualquer dúvida estamos à disposição. Obrigado."
Cancelamento,"Ola Enviei dinheiro para minha cunhada para o paraguai . Ela nao está conseguindo sacar o dinheiro . Por motivo que ela escreveu 2 vezes o sobrenome dela ROJAS … no banco Familiar pediram para eu arrumar o sobrenome dela, para ela poder receber o dinheiro .  ","Bom dia Você precisa solicitar o cancelamento do envio e o valor será devolvido ao seu aplicativo.  Assim que o valor retornar para seu app, você edita os dados do seu beneficiário e envia novamente a remessa. Por favor, podemos solicitar o cancelamento?"
Problemas de remessa,Boa tarde. Enviei uma quantia dia 29/05/2024 às 15h30 e não caiu ainda,"Boa tarde A sua remessa esta processando. Enviamos uma mensagem ao nosso correspondente no Brasil, para verificar se houve algum problema no pagamento. Por favor, aguarde. Qualquer dúvida estamos à disposição.  Obrigada."
Solicitacao de cartao de remessas,Olá. Gostaria de fazer pedido de um novo cartão verde. Pois eu perdi o meu.,"Boa tarde, A senhora continua no endereço abaixo: Postal Code xxx-xxx Prefecture ZZZ-KEN City / Ward DDDD-SHI Area AAAA Number x-4 Complement ZZZZZ NNN"
Atualizacao de dados cadastrais,Boa tarde como faço para fazer a mudança de endereço?,A senhora pode trocar pelo próprio app da Brastel: Menu -> Minha conta -> Perfil -> Editar endereço
Tempo de entrega do cartao,Bom dia Consegui fazer depósito sem o cartão que ainda não chegou fiz o pedido na terça feira agora Tem previsão de quando chegara o cartão,Boa noite O sr solicitou dia 28. Será entregue em até 4 dias úteis contando a partir do dia seguinte da solicitação. O prazo é até segunda feira
Cancelamento,"Boa noite,a beneficiária me avisou que a conta que está errado,e pedi para me confirmar sendo que me enviou o número errado por favor como faço Estou conversando com a pessoa infelizmente não está admitindo que o erro foi dela e estamos cancelando e tem como retornar essa remessa para mim ","Sim, podemos cancelar O valor voltará no seu saldo da Brastel"
Reembolso,"Boa noite Eu fiz um depósito errado, era pra depositar na conta do meu marido,eu fiz o depósito na minha conta da brastel,mas não fiz a transferência pro Brasil será que tem como eu retirar esse dinheiro no banco japonês  ","É possível solicitar o reembolso diretamente do app. Atente para a regra de que deverá requisitar o valor total do saldo do seu app. Será cobrada uma taxa fixa de 750 e somente serão aceitas contas de bancos japoneses. Para tanto, click: Menu > Minha conta > Reembolso e siga as instruções. Tenha em mãos a sua caderneta bancária. Qualquer dúvida estamos à disposição."
Problemas de remessa,"Ola, recebi uma ligação da central de vocês em Tokyo avisando que o depósito que fiz está bloqueado por motivo de um erro no dígito da conta do beneficiário! Como devo proceder para concluir a remessa? Agradeço resposta!","Enviamos a correção ao nosso correspondente do Brasil. Por favor, poderia corrigir os dados bancários no aplicativo para evitar atrasos nos próximos envios. Qualquer dúvida estamos à disposição.  Obrigado."
Problemas/Duvidas sobre deposito,Boa dia.tudo bem?eu gostaria de saber sobre aquele caixa do family mart verde eh 24 horas?e se eu posso transferir a qualquer hora?obrigado,"Bom dia! Sim, o sr pode utilizar o cartão de depósitos nesta máquinas 24 horas exclusivas do JP Bank."
Como se inscrever,Como enviar dinheiro do Japão?,erro ao processar a pergunta
Tempo de remessa,Quanto tempo levará para o beneficiário receber o dinheiro?,"Via de regra, as remessas serão pagas via PIX dentro de algumas horas, se todos os dados estiverem corretos."
"Pedido de envio via metodo ""ByPhone""","Boa tarde Acabei de fazer a transferência de 22+23, Total de 45Yenes ",iremos processar a sua solicitacao. Muito obrigada e otima tarde.
"Pedido de envio via metodo ""ByPhone""",Poderia fazer a remessa de 22yenes para o BBB RRR   obrigado E de 23yenes para o AAAA MMMM VVVVV caixa econômica federal Obrigado,iremos processar a sua solicitacao. Muito obrigada e otima tarde.
"Pedido de envio via metodo ""ByPhone""",Boa tarde Acabei de fazer uma transferência para conta de vocês no valor de 50.700 a ser descontado a taxa de vocês,Bom dia! Processaremos conforme solicitado. Obrigado!
"Pedido de envio via metodo ""ByPhone""",Boa tarde A beneficiária é YYY FFF YYY,Bom dia! Processaremos conforme solicitado. Obrigado!
Como se inscrever,Como posso me inscrever no serviço de remessa?,"Para se inscrever no serviço de remessa, por favor, baixe o aplicativo Brastel Remit e registre todos os dados solicitados. Assim vamos validar sua inscrição e você já poderá registrar os seus beneficiários. Com o app Brastel Remit você tera independência para fazer a remessa por conta propria e a qualquer horario https://brastelremit.jp/por/24h"
Confirmacao de cambio/taxas,"Boa noite gostaria de tirar uma dúvida???pq a cotação do dólar está 5,02 e no app está 4,96???","Bom dia,  Com base na cotação do mercado, cada empresa de remessa ou banco oferece sua taxa de conversão. Qualquer dúvida estamos à disposição. Obrigado."
"Pedido de envio via metodo ""ByPhone""",Bom dia! Hoje eu fiz um depósito! Acho que esqueci de digitar o código. Por favor Verifique pra mim. Fico no aguardo da confirmação! Obrigado,"Bom dia Obrigado pelo envio do comprovante, vamos colocar o saldo no seu aplicativo."
Como se inscrever,Como posso me inscrever no serviço de remessa?,Bom dia!  App Store (iOS): https://apps.apple.com/br/app/brastel-remit-send-money/id1294541529?ls=1  Google Play (Android): https://play.google.com/store/apps/details?id=com.brastelremit&hl=pt_BR ------- Qualquer dúvida estamos à disposição. Obrigado.
Problemas/Duvidas sobre deposito,"Olá tudo bem, transferi um dinheiro do paypayginkou para essa conta mas não coloquei o número de identificação no no do depósito, oque fazer?","Bom dia,  Por favor, poderia nos enviar a foto ou print do comprovante para verificarmos?"
Problemas/Duvidas de atualizacao de dados cadastrais,Tem que registrar o my number? Não sei como fazer alguém poderia me ensinar por favor obrigada,"Bom dia, Neusa  Para cadastrar o My number, por favor acesse em seu aplicativo:  1.Clicar nas 3 linhas no canto esquerdo do App da Brastel 2. Minha conta. 3. Perfil 4.My number Caso não consiga, você pode enviar fotos (frente e verso do My number aqui e iremos cadastrar para você."
Solicitacao de cartao de remessas,Gostaria que me enviasse o cartão remessa,"Bom dia,  Verificamos que você já solicitou o novo cartão de deposito (laranja). Você receberá o cartão num prazo de 3 a 4 dias uteis.  Qualquer dúvida estamos à disposição. Obrigado."
Cadastro de beneficiario,Bom dia tudo bem? Eu gostaria de adicionar mais um beneficiário em minha conta oque eu preciso mesmo? Poderia me informar por favor  muito obrigado,"Por favor,k poderia nos enviar as informacoes abaixo? DADOS DO BENEFICIÁRIO  NOME COMPLETO: GRAU DE PARENTESCO: ENDEREÇO NO BRASIL: (Cidade e Estado apenas) CIDADE: ESTADO: TEL.DE CONTATO NO BRASIL: NOME DO BANCO: NÚMERO DA AGÊNCIA: NOME DA AGÊNCIA: (caso não tenha, deixar em branco NúMERO DA CONTA: TIPO DE CONTA(corrente ou poupança): NÚMERO DO CPF: Motivo da remessa: Ficaremos no aguardo."
Acesso a conta,Boa tarde Por gentileza alguém pode me ajudar Por favor preciso enviar ainda hj dinheiro Preciso de uma senha temporária agora para fazer um remessa,"Bom dia Conforme mensagem acima, enviaremos uma senha temporária para seu email (AAAAA@bbb.com)  Por favor,poderia verificar?"
Confirmacao de cambio/taxas,"Bom dia, quanto da 150.000 yenes no Brasil hj ?","Bom dia,  ¥150,000 (com a taxa de remessa inclusa) ---> 4,834.67 reais. Qualquer dúvida estamos à disposição. Obrigado. Ótima semana!"
Como se inscrever,Como posso me inscrever no serviço de remessa?,"Bom dia,  Para se inscrever no serviço de remessa, por favor, baixe o aplicativo Brastel Remit e registre todos os dados solicitados. Assim vamos validar sua inscrição e você já poderá registrar os seus beneficiários. Com o app Brastel Remit você tera independência para fazer a remessa por conta propria e a qualquer horario https://brastelremit.jp/por/24h "
"Pedido de envio via metodo ""ByPhone""",Olá Fiz um depósito de 42 mil ienes Na conta de JJJJ RRRR Onegai,"Bom dia,  Vamos processar a sua remessa.  Qualquer dúvida estamos à disposição. Obrigado. Ótima semana!"
"Pedido de envio via metodo ""ByPhone""","Bom dia fiz uma transferência agora no valor de ¥ 151.480, favor de transferir para o beneficiário HHH MMM AAA        ",Bom dia Vamos processar sua remessa. Obrigado
Termos e condicoes do servico,"Bom dia , gostaria de saber pq não consigo fazer remessa acima de 31 mil yenes ?","Bom dia,  Pelas taxas de remessa não e possível enviar 31,000 só será possível enviar 30.880, pois a taxa até 30.000 é de 880 passado dos 30.000, a taxa fica 1.480. Qualquer dúvida estamos à disposição. Obrigado."
Problemas/Duvidas sobre remessas,"Boa noite Fiz uma transferência para minha conta do Brasil no nubank ontem , até agora não caiu o dinheiro la ,mas já recebi o e-mail de confirmação de vcs","Bom dia Como posso ajudar? A sua remessa esta processando. Enviamos uma mensagem para o nosso correspondente do Brasil, para verificar se houve algum problema no pagamento. Por favor,verifique também se os dados bancários estão corretos?"
"Pedido de envio via metodo ""ByPhone""",Bom dia ! Fiz uma transferencia de 50000yenes para uma remessa para AAA YYY MMM. Obrigado.,"Bom dia,  Vamos processar a sua remessa.  Qualquer dúvida estamos à disposição. Obrigado."
Termos e condicoes do servico,"Qual o máximo que podemos inviar Se for enviar 1 m , tenho que depositar 100.000 de cada vez e qual a diferença do cartão do correio eo amarelo?",Bom dia O limite por transação: 800.000 ienes Limite diário: 1.000.000 ienes
"Pedido de envio via metodo ""ByPhone""",Acabei de fazer uma transferência de 3.000 para beneficiário QQQ KKK CCCC   Bom dia obrigada,"Bom dia,  Vamos processar a sua remessa.  Qualquer dúvida estamos à disposição. Obrigado. Otima semana!"
Termos e condicoes do servico,Só dá pra mandar no máximo 800.000 yens Eu tenho que mandar em torno de 100.000 todo mês,"Boa tarde,  O limite por remessa: 800.00 ienes Limite diário: 1.000.000 ienes ; Limite de transações por mês: até 30 transações Qualquer dúvida estamos à disposição. Obrigado."
Termos e condicoes do servico,E qual é o valor da taxa de remessa para 500.000 e 1.000.000 de ienes?,"TAXAS DE REMESSAS Remessas até ¥30.000 taxa ¥880 De ¥30.001~¥300.000 taxa ¥1.480 De ¥300.001~¥800.000 taxa ¥1.680  Para remessas de 1.000.000  Seria 2 envios por dia; - Um no valor 800,000 mil - Outro no valor de 200,000 mil Qualquer dúvida estamos à disposição. Obrigado."
Tempo de entrega do cartao,Boa tarde! Fiz o pedido do cartão de remessa da Brastel mas ainda não chegou. Quanto tempo demora para chegar?,erro ao processar a pergunta
"Pedido de envio via metodo ""ByPhone""",Favor enviar 500 reais p MMM pai. Ou favor colocar no saldo p q possa enviar. Obrigado Enviei 18mil na conta,Boa tarde.  Iremos processar a sua solicitacao. O saldo ficara no seu balance do app. Muito obrigada e otima semana.
Problemas/Duvidas sobre remessas,Olá boa tarde!! Fiz uma remessa e tá demorando pra cair na conta do Brasil,"Boa tarde. Não recebemos a confirmação do pagamento da sua remessa. Vamos verificar com o banco pagador no Brasil. Devido ao fuso horário, pedimos por gentileza que aguarde. Agradecemos a sua compreensão.  "
Tempo de entrega do cartao,Boa tarde! Fiquei de receber um cartão de remessa pois tinha feito o pedido e já faz duas semanas e nada ainda,"Perdao, o pedido nao foi confirmado. Poderia nos informar o seu endereco completo?"
"Pedido de envio via metodo ""ByPhone""",Boa tarde  Fiz uma transferência de ¥320600  ¥309 mil para a beneficiária IIIIIII NNNNN  ¥11600 para o beneficiário PPPPPP OOOO  Onegai shimasu,Boa tarde. Iremos processar a sua solicitacao. Muito obrigada e otima semana.
Problemas/Duvidas de atualizacao de dados cadastrais,"Olá, boa tarde! Fiz a atualização do cartao de registro de estrangeiros , gostaria de saber quanto tempo demora para eu conseguir fazer transferência?","Boa tarde. Por favor, aguarde um momento, iremos verificar. Dentro de alguns minutos ira receber uma notificacao no seu app (sininho). Muito obrigada e otima semana. "
Confirmacao de cambio/taxas,Oi boa tarde Quanto da rs 8000 e 7000 enviar yens   E 7000,"Boa tarde Na cotação de hoje, para ser enviado BRL 8,000, deve ser depositado ¥247,239, já com a taxa de remessa inclusa  Para BRL 7,000, deve ser depositado ¥216,519 "
Como se inscrever,Como posso me inscrever no serviço de remessa?,"Para se inscrever no serviço de remessa, por favor, baixe o aplicativo Brastel Remit e registre todos os dados solicitados. Assim vamos validar sua inscrição e você já poderá registrar os seus beneficiários. Com o app Brastel Remit você tera independência para fazer a remessa por conta propria e a qualquer horario https://brastelremit.jp/por/24h  "
Tempo de remessa,Boa noite fiz um depósito agora quanto tempo está na conta para fazer a remessa Usei o cartão de depósito fiz dois depósito de 500 mim,"O processamento do depósito leva em torno de 20 min, podendo ser processado antes desse tempo também"
Tempo de remessa,Olá boa noite Fiz uma remessa para o Brasil mas não caiu na conta!!! Fiz as 13:00 horas da tarde e até agora não caiu..,"Boa noite Vamos verificar, um momento por gentileza Obrigado por aguardar O atraso no pagamento da remessa pode acontecer devido a instabilidade no sistema de pagamento no Brasil ou dados bancários incorretos. Vamos verificar com o banco pagador no Brasil em relação a sua remessa que ainda não foi pago ao beneficiário. Devido ao fuso horário, pedimos por gentileza que aguarde. Agradecemos a sua compreensão."
Tempo de remessa,Olá enviei um dinheiro às 15:59 e até agora não caiu lá O que aconteceu ???? Preciso do dinheiro urgente lá hj,"Boa noite!  O atraso no pagamento da remessa pode acontecer devido a instabilidade no sistema de pagamento no Brasil, ou pelos dados bancários incorretos. Vamos verificar com o banco pagador no Brasil em relação a sua remessa que ainda não foi pago ao beneficiário. Devido ao fuso horário e horário bancário no Brasil, pedimos por gentileza que aguarde. Agradecemos a sua compreensão.  "
Problemas/Duvidas sobre remessas,Como enviar dinheiro do Japão?,"Para fazer o depósito, você pode solicitar um cartão de depósito ou poderá fazer a transferência direto da sua conta do correio. O passo a passo para ambos os depósitos estarão disponíveis no seu aplicativo. "
Tempo de remessa,Quanto tempo levará para o beneficiário receber o dinheiro?,"Via de regra, as remessas serão pagas via PIX dentro de algumas horas, se todos os dados estiverem corretos."
Como se inscrever,Como posso me inscrever no serviço de remessa?,"Para se inscrever no serviço de remessa, por favor, baixe o aplicativo Brastel Remit e registre todos os dados solicitados. Assim vamos validar sua inscrição e você já poderá registrar os seus beneficiários. Com o app Brastel Remit você tera independência para fazer a remessa por conta propria e a qualquer horario https://brastelremit.jp/por/24h "
Problemas/Duvidas sobre deposito,"Como faço para fazer transferência do banco do correio, através do app? Não tem campo para colocar o código","Acesse o seu app da Brastel Remit  -> Menu lado esquerdo acima ->Instruções de depósito ->Transferência bancária ->JP Bank  ->ATM do Japan Post Bank ->Siga as instruções de depósito ** digite corretamente seu código de depósito ( são os 8 números que estão no passo n° 14 e 15 ). Onde aparece seu nome, você apaga e coloca esse código deposito. Qualquer dúvida estamos à disposição.  Obrigado "
Reembolso,"Olá, gostaria de saber quanto tempo demora para cair meu reembolso?",Bom dia Voce fez a solicitacao do reembolso ?
Confirmacao de cambio/taxas,Bom dia Gostaria de uma informação quando daria em yen Para enviar para vc o Brasil mil reais,"¥31,955 ---> R$1.000,00 com taxa inclusa.  Lembrando que cotação após as 10h40, podendo haver alteração no valor. Qualquer dúvida estamos à disposição.  Obrigado"
Cadastro de beneficiario,"Olá bom dia! Ontem registrar um beneficiário, que preciso enviar urgente uma remessa para o Brasil mas está processando, tem como vocês liberarem para eu efetuar a remessa ainda hoje, por favor! ","Por gentileza, poderia aguardar mais alguns minutos? Logo ira receber a notificacao e podera processar a sua remessa. Qualquer outra duvida, por favor, entre em contato. Estaremos a disposicao."
Acesso a conta,Atualizei os site e agora como acessar minha conta,Bom dia Você tem acesso a este email (aaaa@bbb.com) ? Podemos encaminhar uma senha temporária. Foi enviado uma senha temporaria no email acima. Qualquer dúvida estamos à disposição.  Obrigado
Problemas/Duvidas sobre remessas,Conseguiram ver alguma coisa porque precisava mandar essa grana hoje pro Brasil  Que zuado foi pra conta de outra pessoa então,"Raul, pode ser que o deposito nao seja aceito. Sao 2 numeros errados. Pede o zairyu card e a foto do cartao do banco como seguranca."
Como se inscrever,Como posso me inscrever no serviço de remessa?,"Bom dia!  Para se inscrever no serviço de remessa, por favor, baixe o aplicativo Brastel Remit e registre todos os dados solicitados. Assim vamos validar sua inscrição e você já poderá registrar os seus beneficiários. Com o app Brastel Remit você tera independência para fazer a remessa por conta propria e a qualquer horario https://brastelremit.jp/por/24h "
Como se inscrever,"Quero enviar dinheiro para o Brasil, vc poderia me informar como faz?","Bom dia!  Para se inscrever no serviço de remessa, por favor, baixe o aplicativo Brastel Remit e registre todos os dados solicitados. Assim vamos validar sua inscrição e você já poderá registrar os seus beneficiários. Com o app Brastel Remit você tera independência para fazer a remessa por conta propria e a qualquer horario https://brastelremit.jp/por/24h  "
Problemas/Duvidas sobre deposito,Como faço para fazer depósito Já fiz o cadastro na Brastel remit,"Bom dia ! Para fazer o depósito, você pode solicitar um cartão de depósito ou poderá fazer a transferência direto da sua conta do correio. O passo a passo para ambos os depósitos estarão disponíveis no seu aplicativo."
Confirmacao de cambio/taxas,"bom dia preciso enviar novamente 970,00 reais , qual valor em ienes por favor???","R$970,00 ----> ¥30,499 com taxa inclusa .  Lembrando que a cotacao pode mudar as 10:40 am"
Confirmacao de cambio/taxas,"Boa tarde Gostaria de saber a cotação pra 30,000¥ com a taxa, por favor  ","Boa tarde,  ¥30,000 (com a taxa de remessa) ---> reais 955.19 Qualquer dúvida estamos à disposição. Obrigado. "
Problemas/Duvidas sobre remessas,Quero fazer remessa para o Brasil Como faço? Desse novo aplicativo ainda não usei,"A sua nova conta foi ativada com sucesso! Você receberá um cartão de depósito num prazo de 3 a 4 dias uteis.  Você poderá colocar o valor da remessa no saldo do seu aplicativo por meio desse cartão de depósito ou então com seu cartão do banco, ambos passo a passo estão no app.  Para registrar o beneficiário é possível enviar um formulário para que o próprio se registre ou você mesmo o registre.  Dessa forma, com o valor no saldo e os beneficiários registrados, já é possível enviar as remessas.  As remessas no Brasil estão enviando pagamentos via PIX e chegam no mesmo dia para o beneficiário. "
Confirmacao de cambio/taxas,250 reais Quanto tenho depositar no correio Por favor,"Boa tarde,  8.628 ienes incluindo as taxas Qualquer dúvida estamos à disposição. Obrigado."
Confirmacao de cambio/taxas,Oi Boa tarde Para chegar no brasil 982 reais quanto tenho que mandar ?,"Boa tarde,  ¥30,818 (com a taxa de remessa inclusa). Qualquer dúvida estamos à disposição. Obrigado. "
Como se inscrever,Como posso me inscrever no serviço de remessa?,"Boa tarde,  Para se inscrever no serviço de remessa, por favor, baixe o aplicativo Brastel Remit e registre todos os dados solicitados. Assim vamos validar sua inscrição e você já poderá registrar os seus beneficiários. Com o app Brastel Remit você tera independência para fazer a remessa por conta propria e a qualquer horario https://brastelremit.jp/por/24h  "
Confirmacao de cambio/taxas,Boa noite preciso mandar 520 reais para o Brasil quanto seria em yen,Boa noite! Na cotação de hoje RS$520 : 16734 ienes
Tempo de remessa,Quanto tempo levará para o beneficiário receber o dinheiro?,"Bom dia!  A maioria das remessas da Brastel para o Brasil estão sendo realizadas via PIX. Assim, estão sendo pagas dentro de alguns minutos, se todos os dados estiverem corretos e a conta estiver apta a receber pagamentos via PIX. Qualquer dúvida estamos à disposição. Obrigado."
Como se inscrever,"Qual procedimento para abrir,cadastrar conta?","Bom dia,  Para se inscrever no serviço de remessa, por favor, baixe o aplicativo Brastel Remit e registre todos os dados solicitados. Assim vamos validar sua inscrição e você já poderá registrar os seus beneficiários. Com o app Brastel Remit você tera independência para fazer a remessa por conta propria e a qualquer horario https://brastelremit.jp/por/24h"
Problemas/Duvidas sobre remessas,Eu depositei 930mil pq não chegou ainda tudo?,"Bom dia. Por favor, poderia entrar no Menu do seu app e clicar: Taxas, Limites e Prazos de entrega? Verificando os dados que foram cadastrados, o numero da conta pode estar incorreto. Parece ser o numero do cartao do banco e nao da conta bancaria. Por gentileza, poderia verificar junto a sua beneficiaria? Tentamos contato via tel, porem nao tivemos sucesso. Por favor, caso o numero da conta estiver incorreto, nos informe para podermos solicitar a correcao no Brasil.  Ficarmos no aguardo. Muito obrigada."
Cadastro de beneficiario,Boa trde como faco para mudar da conta corrente para a poupanca do beneficiario,"Boa tarde. No seu app Barstel Remit, click em Menu >> Beneficiarios >> Escolha o beneficiario (click) >> EDITAR >>Faca as correcoes/atualizacoes e click em Proximo (se nao aparecer esse botao, click levente em qualquer lugar da sua tela e o botao ira aparecer) >> Va clicando no proximo ate apararecer SALVAR Qualquer outra dúvida estamos à disposição. Obrigado."
Confirmacao de cambio/taxas,"Boa tarde Gostaria de fazer uma remessa Valor 4mil reais ,quanto devo depositar no correio ?  ","Boa tarde. Para 4.000 reais = ¥123,286 + taxa do correio."
Confirmacao de cambio/taxas,Boa tarde 200 reais da que yens,"Boa tarde Para ser enviado BRL 200, deverá ser depositado ¥6,971, já com a taxa de remessa inclusa    "
Como se inscrever,Como posso me inscrever no serviço de remessa?,"Bom dia!  Para se inscrever no serviço de remessa, por favor, baixe o aplicativo Brastel Remit e registre todos os dados solicitados. Assim vamos validar sua inscrição e você já poderá registrar os seus beneficiários. Com o app Brastel Remit você tera independência para fazer a remessa por conta propria e a qualquer horario https://brastelremit.jp/por/24h"
Como se inscrever,Olá gostaria de saber mais sobre como enviar dinheiro para o Brasil,"Bom dia,  Para se inscrever no serviço de remessa, por favor, baixe o aplicativo Brastel Remit e registre todos os dados solicitados. Assim vamos validar sua inscrição e você já poderá registrar os seus beneficiários. Com o app Brastel Remit você tera independência para fazer a remessa por conta propria e a qualquer horario https://brastelremit.jp/por/24h Para fazer o depósito, você pode solicitar um cartão de depósito ou poderá fazer a transferência direto da sua conta do correio. O passo a passo para ambos os depósitos estarão disponíveis no seu aplicativo.  Taxa de envio: Remessas até ¥30.000 taxa ¥880 De ¥30.001~¥300.000 taxa ¥1.480 De ¥300.001~¥800.000 taxa ¥1.680  Qualquer dúvida estamos à disposição. Obrigado."
Como se inscrever,"Oi, estou com dificuldade de preencher o formulário, gostaria de uma ajuda onegai",Temos vídeos que ajudam os clientes a fazerem as inscrições.  Com aparelhos de celulares com o novo sistema NFC e para aparelhos que não possuem o sistema NFC. -Com o sistema NFC: https://www.youtube.com/watch?v=U_jAVo2qYt4 -Sem o sistema NFC: https://www.youtube.com/watch?v=tc8yeWvQdlw&t=143s Qualquer dúvida estamos à disposição.  Obrigado
Como se inscrever,Como posso me inscrever no serviço de remessa?,"Boa tarde,  A inscrição deve ser feita via aplicativo Brastel Remit. https://brastelremit.jp/24h/#/por/ Qualquer dúvida estamos à disposição. Obrigado."
Confirmacao de cambio/taxas,Boa tarde para todos ? Então eu gostaria de saber quanto chega em y60 .000 no  já incluso a taxa? Muito obrigada pela atenção!,"Boa tarde. Hoje, 60.000 = BRL 1,925.36 reais ja com o valor da taxa de remessa incluido"
Confirmacao de cambio/taxas,Vc sabe ql valor tenho que depositar no vlor de 300 reais Em yene tenho que por qnts,"um momento BRL 300.00 ----> Na cotação de hoje: ¥9,999 (com a taxa de remessa inclusa)."
Confirmacao de cambio/taxas,Se enviar 100 mil hoje quantos chega no Brasil ?,3.241 reais incluindo a taxa de remessa
Confirmacao de cambio/taxas,5 mil yens da que real,"Hoje, 5.000 = BRL 135.55 reais, ja com o valor da taxa de remessa incluido"
Confirmacao de cambio/taxas,"Olá, boa tarde! Preciso fazer uma remessa no valor de 400 reais!  Poderia me passar o valor em yenes pra eu poder fazer o depósito? Desde já agradeço!",Boa tarde! R$400 -> 13039 ienes
Confirmacao de cambio/taxas,Boa tarde Enviar rs 2000 E rs 2500 quanto da yens,"Hoje, para 2.000 reais = ¥62,271 Ja com a taxa incluida. Para 2.500 reais = ¥77,468 ja com a taxa incluida."
Acesso a conta,"Boa tarde estou tendo problema com o pin eu não lembro a senha do Pin ,e por isso não consigo trocar a senha do pin e nem add beneficiário","Boa tarde!  Por favor, no aplicativo vá em: Menu -> Minha conta -> Alterar o PIN -> ""Esqueceu o PIN?"" serão dadas instruções para alteração do PIN R Colagrande Qualquer dúvida estamos à disposição. Obrigado."
Como se inscrever,Boa noite Gostaria de fazer um cadastro para poder mandar dinheiro para minha conta no Brasil,"Para se inscrever no serviço de remessa, por favor, baixe o aplicativo Brastel Remit e registre todos os dados solicitados. Assim vamos validar sua inscrição e você já poderá registrar os seus beneficiários. Com o app Brastel Remit você tera independência para fazer a remessa por conta propria e a qualquer horario https://brastelremit.jp/por/24h "
Confirmacao de cambio/taxas,"Boa noite! Gostaria de fazer uma remessa, para que chegue no Brasil R$500,00, qual valor que tenho que transferir em ienes. Obrigada fico no aguardo","Boa noite!  Seguindo a cotação de hoje, incluindo a taxa de remessa: R$ 500 -> 16078 ienes"
Tempo de remessa,Quanto tempo levará para o beneficiário receber o dinheiro?,"Plantão Especial Bom dia A maioria dos pagamentos estão sendo feitos via PIX. Os pagamentos feitos via PIX, geralmente são pagos no mesmo dia do envio da remessa, porém quando o PIX não for possível, o banco vai pagar via TED que nesse caso somente durtante o expediente bancário no Brasil. Qualquer dúvida estamos à disposição.  Obrigado"
Como se inscrever,Como posso me inscrever no serviço de remessa?,"Bom dia ,  Para se inscrever no serviço de remessa, por favor, baixe o aplicativo Brastel Remit e registre todos os dados solicitados. Assim vamos validar sua inscrição e você já poderá registrar os seus beneficiários. Com o app Brastel Remit você tera independência para fazer a remessa por conta propria e a qualquer horario https://brastelremit.jp/por/24h "
Como se inscrever,Como posso me inscrever no serviço de remessa?,"Para se inscrever no serviço de remessa, por favor, baixe o aplicativo Brastel Remit e registre todos os dados solicitados. Assim vamos validar sua inscrição e você já poderá registrar os seus beneficiários. Com o app Brastel Remit você tera independência para fazer a remessa por conta propria e a qualquer horariohttps://brastelremit.jp/por/24h "
Como se inscrever,Como enviar dinheiro do Japão?,"Para se inscrever no serviço de remessa, por favor, baixe o aplicativo Brastel Remit e registre todos os dados solicitados. Assim vamos validar sua inscrição e você já poderá registrar os seus beneficiários. Com o app Brastel Remit você tera independência para fazer a remessa por conta propria e a qualquer horariohttps://brastelremit.jp/por/24hh "
Confirmacao de cambio/taxas,Quanto é a taxa do envio?,Taxa de envio: Remessas até ¥30.000 taxa ¥880 De ¥30.001~¥300.000 taxa ¥1.480 De ¥300.001~¥800.000 taxa ¥1.680
Tempo de remessa,E quanto tempo demora pro dinheiro cair na conta no Brasil?,"A maioria das remessas da Brastel para o Brasil estão sendo realizadas via PIX. Assim, estão sendo pagas dentro de alguns minutos, se todos os dados estiverem corretos e a conta estiver apta a receber pagamentos via PIX."
Regras do servico,E posso mandar pra minha conta no Brasil?,E você pode enviar para sua própria conta no Brasil.
Como se inscrever,Como posso me inscrever no serviço de remessa?,"Para se inscrever no serviço de remessa, por favor, baixe o aplicativo Brastel Remit e registre todos os dados solicitados. Assim vamos validar sua inscrição e você já poderá registrar os seus beneficiários. Com o app Brastel Remit você tera independência para fazer a remessa por conta propria e a qualquer horariohttps://brastelremit.jp/por/24hh "
Termos e condicoes do servico,Como enviar dinheiro do Japão?,"Para fazer o depósito, você pode solicitar um cartão de depósito ou poderá fazer a transferência direto da sua conta do correio. O passo a passo para ambos os depósitos estarão disponíveis no seu aplicativo."
Termos e condicoes do servico,Como enviar dinheiro do Japão?,"Para se inscrever no serviço de remessa, por favor, baixe o aplicativo Brastel Remit e registre todos os dados solicitados. Assim vamos validar sua inscrição e você já poderá registrar os seus beneficiários. Com o app Brastel Remit você tera independência para fazer a remessa por conta propria e a qualquer horariohttps://brastelremit.jp/por/24hh "
Tempo de remessa,Quanto tempo levará para o beneficiário receber o dinheiro?,"Bom dia A maioria dos pagamentos estão sendo feitos via PIX. Os pagamentos feitos via PIX, geralmente são pagos no mesmo dia do envio da remessa, porém quando o PIX não for possível, o banco vai pagar via TED que nesse caso somente durtante o expediente bancário no Brasil.  Qualquer dúvida estamos à disposição. "
Termos e condicoes do servico,E se é possível fazer remessas do Japão para o nubank no Brasil,"Para registrar a conta do Nubank é possível sim, a maioria dos bancos digitais são aceitos. Aguardamos o seu retorno. Obrigado!"
Confirmacao de cambio/taxas,Bom dia depositei ontem y59.000 quanto chega no Brasil  já incluindo a taxa? Muito e uma semana abençoada para todos vocês com muita saúde! Obrigada,"Bom dia,  O beneficiário recebeu o valor de 1,881.62 reais.  Qualquer dúvida estamos à disposição. Obrigado. Ótima semana!"
Confirmacao de cambio/taxas,Qual o valor inviamos para o Brasil,Bom dia Taxa de envio para o Brasil: Remessas até ¥30.000 taxa ¥880 De ¥30.001~¥300.000 taxa ¥1.480 De ¥300.001~¥800.000 taxa ¥1.680  Qualquer dúvida estamos à disposição.  Obrigado
Solicitacao de cartao de remessas,Gostaria de saber quanto tempo demora para receber meu cartão para efetuar operação por favor,Bom dia Demora o prazo de 4 dias úteis para chegar no seu endereço  Qualquer dúvida estamos à disposição.
Como se inscrever,Eu saber pra enviar dinheiro para o Brasil Vcs cobra juro ou não,"Bom dia,  Para se inscrever no serviço de remessa, por favor, baixe o aplicativo Brastel Remit e registre todos os dados solicitados. Assim vamos validar sua inscrição e você já poderá registrar os seus beneficiários. Com o app Brastel Remit você tera independência para fazer a remessa por conta propria e a qualquer horario https://brastelremit.jp/por/24h "
Como se inscrever,Bom dia Baixei o app da brastel Qual o procedimento agora,"Para se inscrever no serviço de remessa, por favor, baixe o aplicativo Brastel Remit e registre todos os dados solicitados. Assim vamos validar sua inscrição e você já poderá registrar os seus beneficiários. Com o app Brastel Remit você tera independência para fazer a remessa por conta propria e a qualquer horario https://brastelremit.jp/por/24h  Para fazer o depósito, você pode solicitar um cartão de depósito ou poderá fazer a transferência direto da sua conta do correio. O passo a passo para ambos os depósitos estarão disponíveis no seu aplicativo."
Confirmacao de cambio/taxas,As atualizacoes das cotacoes mudam uma vez por dia ou varias? Os dias das atualizações sao todos os dias da semana ou somente de segunda a sexta?,A cotação muda todos os dias a partir das 11:00 horas Qualquer dúvida estamos à disposição.
Confirmacao de cambio/taxas,"Bom dia,poderia me informar o valor em reais se eu enviar 25000 ¥ com a taxa inclusa","Bom dia,  ¥25,000--->R$790.20 com a taxa inclusa. Qualquer dúvida estamos à disposição.  Obrigado"
Confirmacao de cambio/taxas,"Oi,  Por favor, quanto yens, são 8 mil reais, hoje?.","8 mil reais da o valor de 245,673 yenes (incluindo a taxa de remessa)  Qualquer dúvida estamos à disposição."
Confirmacao de cambio/taxas,Bom dia vcs poderia me informar qto fica 150 reais com taxa é iens p mim fazendo um favor preciso mandar esse valor p Brasil,"Boa tarde,  ¥5,460 (com a taxa de remessa inclusa). Qualquer dúvida estamos à disposição. Obrigado."
Confirmacao de cambio/taxas,Boa tarde 250 reais Quanto preciso depositar correio Onegay,"Boa tarde,  Para chegar 250.00 reais, depositar ¥8.663 (com as taxas inclusas).  Qualquer dúvida estamos à disposição. Obrigado."
Confirmacao de cambio/taxas,Boa tarde!!!qto ta taxa de remessa??e como eu faço pra mandar?,Boa tarde! Taxa de envio para o Brasil: Remessas até ¥30.000 taxa ¥880 De ¥30.001~¥300.000 taxa ¥1.480 De ¥300.001~¥800.000 taxa ¥1.680
Confirmacao de cambio/taxas,Boa tare ? Gostaria d saber quanto chega y15.000 em real incluindo já a taxa? Fiz o depósito hj muito obrigada! Uma excelente semana para vocês também muito abençoada!,"Boa tarde! O beneficiário recebeu o valor de R$457,57.  Qualquer dúvida estamos à disposição. Obrigado."
Confirmacao de cambio/taxas,"68.000 ¥ com taxa de envio incluso, quanto é em reais?",68000 ienes : R$2171 incluindo a taxa de remessa na cotação de hoje.
Solicitacao de cartao de remessas,Ola gostaria saber como faço para adquirir um cartão de remessa,Para solicitar novo cartão: Menu -> Instruções de depósito -> Saiba mais e solicite Qualquer dúvida estamos à disposição. Obrigado.
Confirmacao de cambio/taxas,¥50.000 paga quanto de pra mandar,50000 ienes : R$1584 incluindo a taxa de remessa na cotação de hoje
Tempo de remessa,Quanto tempo levará para o beneficiário receber o dinheiro?,"Bom dia A maioria dos pagamentos estão sendo feitos via PIX. Os pagamentos feitos via PIX, geralmente são pagos no mesmo dia do envio da remessa, porém quando o PIX não for possível, o banco vai pagar via TED que nesse caso somente durtante o expediente bancário no Brasil. Qualquer dúvida estamos à disposição."
Problemas/Duvidas de atualizacao de dados cadastrais,Boa noite estou tentando scanear a foto do meu documento + não estou conseguindo vcs poderiam me ajudar?,"Bom dia,  Temos vídeos que ajudam os clientes a fazerem as inscrições.  Com aparelhos de celulares com o novo sistema NFC e para aparelhos que não possuem o sistema NFC. -Com o sistema NFC: https://www.youtube.com/watch?v=U_jAVo2qYt4 -Sem o sistema NFC: https://www.youtube.com/watch?v=tc8yeWvQdlw&t=143s Qualquer dúvida estamos à disposição. Obrigado."
Problemas/Duvidas sobre deposito,Poderia me informar se e possivel realizar deposito nos caixas eletronico de conveniences,"Bom dia, No ATM do correio ou no verde do FamilyMart. Qualquer dúvida estamos à disposição. Obrigado."
Como se inscrever,Olá! Tudo bem gostaria fazer cadastro,"Bom dia,  Para se inscrever no serviço de remessa, por favor, baixe o aplicativo Brastel Remit e registre todos os dados solicitados. Assim vamos validar sua inscrição e você já poderá registrar os seus beneficiários. Com o app Brastel Remit você tera independência para fazer a remessa por conta propria e a qualquer horario https://brastelremit.jp/por/24h "
Confirmacao de cambio/taxas,"Bom dia, gostaria de saber quanto em yens eu preciso para chegar 120reais no Brasil incluso a taxa da Brastel obrigada LLLL","R$120,00 ----> ¥4,571 com taxa inclusa. Lembrando que a cotacao mudará às 10h40 am Qualquer dúvida estamos à disposição.  Obrigada"
Reembolso,Será que tem como volta o dinheiro pra minha conta ?,É possível solicitar o reembolso diretamente do app. Atente para a regra de que deverá requisitar o valor total do saldo do seu app. Será cobrada uma taxa fixa de 750 e somente serão aceitas contas de bancos japoneses. Siga o passo a passo abaixo: 1-entre no seu aplicativo 2-Clicar nas 3 linhas no canto esquerdo do App da Brastel. 3-minha conta 4-Reembolso Tenha em mãos a caderneta bancária. Qualquer dúvida estamos à disposição.
Reembolso,Demora pra cair o dinheiro?,o reembolso é processado no dia seguinte
Confirmacao de cambio/taxas,"Bom dia, quanto da 55.000 yenes no Brasil hj?","Bom dia R$1,742.17 com taxa inclusa"
Problemas/Duvidas de atualizacao de dados cadastrais,Olá meu nome é AAAAA ontem fiz o cadastro do plicativo pra remessa de dinheiro. E está pedindo cópia do RG do japão. Por onde devo enviar,"Basta ir em:  Menu > Minha conta > perfil Ai vai estar escrito la em bairo "" registrar my number """
Solicitacao de cartao de remessas,Gostaria de obter o cartão para de depósito na conta do correio,"Bom dia,  Infelizmente o seu cadastro foi cancelado devido ao não uso por mais de 2 anos.  Pedimos que, por gentileza, faça outra inscrição através do nosso aplicativo Qualquer dúvida estamos à disposição. Obrigado."
Como se inscrever,Como posso me inscrever no serviço de remessa?,"Boa tarde, Para se inscrever no serviço de remessa, por favor, baixe o aplicativo Brastel Remit e registre todos os dados solicitados. Assim vamos validar sua inscrição e você já poderá registrar os seus beneficiários. Com o app Brastel Remit você tera independência para fazer a remessa por conta propria e a qualquer horario https://brastelremit.jp/por/24h"
Confirmacao de cambio/taxas,Boa tarde fiz um depósito de 125mil transferir pra PPP SSS NNN Itaú conta corrente QuL valor que vai ser depositado?,Boa tarde Será enviado BRL4020
Como se inscrever,Como posso me inscrever no serviço de remessa?,"Para se inscrever no serviço de remessa, por favor, baixe o aplicativo Brastel Remit e registre todos os dados solicitados. Assim vamos validar sua inscrição e você já poderá registrar os seus beneficiários. Com o app Brastel Remit você tera independência para fazer a remessa por conta propria e a qualquer horario https://brastelremit.jp/por/24h"
Problemas/Duvidas sobre deposito,Como enviar dinheiro do Japão?,"Para fazer o depósito, você pode solicitar um cartão de depósito ou poderá fazer a transferência direto da sua conta do correio. O passo a passo para ambos os depósitos estarão disponíveis no seu aplicativo."
Tempo de remessa,Quanto tempo levará para o beneficiário receber o dinheiro?,erro ao processar a pergunta
Como se inscrever,Eu gostaria de fazer cadastro para remessa para brasil fazer cartão de remessd,"Para se inscrever no serviço de remessa, por favor, baixe o aplicativo Brastel Remit e registre todos os dados solicitados. Assim vamos validar sua inscrição e você já poderá registrar os seus beneficiários. Com o app Brastel Remit você tera independência para fazer a remessa por conta propria e a qualquer horario https://brastelremit.jp/por/24h  "
Confirmacao de cambio/taxas,300 reais da que yens,"Bom dia R$300,00 ----> ¥10,024 taxa inclusa. Lembrando que a cotacao pode mudar as 10:40 am "
Como se inscrever,Como posso me inscrever no serviço de remessa?,"Para se inscrever no serviço de remessa, por favor, baixe o aplicativo Brastel Remit e registre todos os dados solicitados. Assim vamos validar sua inscrição e você já poderá registrar os seus beneficiários. Com o app Brastel Remit você tera independência para fazer a remessa por conta propria e a qualquer horario https://brastelremit.jp/por/24h  "
Confirmacao de cambio/taxas,Boa tarde quanto tá chegando no Brasil hoje 250000yenes?,"Boa tarde! ¥250,000 = BRL 8,102.33 com taxa de envio incluída"
Tempo de remessa,Quanto tempo levará para o beneficiário receber o dinheiro?,"A maioria dos pagamentos estão sendo feitos via PIX. Os pagamentos feitos via PIX, geralmente são pagos no mesmo dia do envio da remessa, porém quando o PIX não for possível, o banco vai pagar via TED que nesse caso somente durtante o expediente bancário no Brasil. Qualquer dúvida estamos à disposição."
Problemas/Duvidas de atualizacao de dados cadastrais,Boa noite não consigo fazer meu cadastro quando chega na hora de tirar a goto do verso do meu documento Foto Nao bate,"Bom dia,  Temos vídeos que ajudam os clientes a fazerem as inscrições.  Com aparelhos de celulares com o novo sistema NFC e para aparelhos que não possuem o sistema NFC. - Com o sistema NFC: https://www.youtube.com/watch?v=U_jAVo2qYt4 - Sem o sistema NFC: https://www.youtube.com/watch?v=tc8yeWvQdlw&t=143s Qualquer dúvida estamos à disposição. Obrigado."
Confirmacao de cambio/taxas,"Fiz um deposito de ¥5,000 Qual o valor em reais ?  Obrigada","Bom dia R$ 134,00 "
Confirmacao de cambio/taxas,"Ola bom dia 320,00 sao quantos yenes hoje","Hoje, para 320 reais = ¥10,668 ja com o valor da taxa de remessa incluido."
Como se inscrever,Como enviar dinheiro do Japão?,"Boa tarde. Sera necessario efetuar a inscricao pelo app Brastel Remit. Para se inscrever no serviço de remessa, por favor, baixe o aplicativo Brastel Remit e registre todos os dados solicitados. Assim vamos validar sua inscrição e você já poderá registrar os seus beneficiários. Com o app Brastel Remit você tera independência para fazer a remessa por conta propria e a qualquer horario https://brastelremit.jp/por/24h "
Tempo de remessa,Quanto tempo levará para o beneficiário receber o dinheiro?,"Normalmente, demora de 1 a 3 dias. Porem, quando possivel, sera feito o pagamento via PIX."
Confirmacao de cambio/taxas,Boa tarde 500 reais na cotação de hoje quando seria em yen por favor,"Boa tarde Para ser enviado BRL 500, deve ser depositado ¥16,171, já com a taxa de remessa inclusa"
Problemas/Duvidas de atualizacao de dados cadastrais,Boa tarde Estou desde ontem tentando fazer o cadastro com vcs Porém não estou conseguindo. Quando chega no momento da foto aparece uma observação e não segue,"Bom dia,  Temos vídeos que ajudam os clientes a fazerem as inscrições.  Com aparelhos de celulares com o novo sistema NFC e para aparelhos que não possuem o sistema NFC. - Com o sistema NFC: https://www.youtube.com/watch?v=U_jAVo2qYt4 - Sem o sistema NFC: https://www.youtube.com/watch?v=tc8yeWvQdlw&t=143s Qualquer dúvida estamos à disposição. Obrigado."
Como se inscrever,Como enviar dinheiro do Japão?,"Para se inscrever no serviço de remessa, por favor, baixe o aplicativo Brastel Remit e registre todos os dados solicitados. Assim vamos validar sua inscrição e você já poderá registrar os seus beneficiários. Com o app Brastel Remit você tera independência para fazer a remessa por conta propria e a qualquer horario https://brastelremit.jp/por/24h  "
Como se inscrever,Como. Eu. Faço. Pra. Casdrra. No. Aplicativo para smartphones do servico de remessas?,"Para se inscrever no serviço de remessa, por favor, baixe o aplicativo Brastel Remit e registre todos os dados solicitados. Assim vamos validar sua inscrição e você já poderá registrar os seus beneficiários. Com o app Brastel Remit você tera independência para fazer a remessa por conta propria e a qualquer horario https://brastelremit.jp/por/24h  "
Cadastro de beneficiario,Como faso pra corrigor este erro,"lantão Especial  Bom dia No seu app Barstel Remit, click em Menu >> Beneficiarios >> Escolha o beneficiario (click) >> EDITAR >>Faca as correcoes/atualizacoes e click em Proximo (se nao aparecer esse botao, click levente em qualquer lugar da sua tela e o botao ira aparecer) >> Va clicando no proximo ate apararecer SALVAR.  Qualquer dúvida estamos à disposição.  Obrigado"
Confirmacao de cambio/taxas,Bom dia 25mil da que valor hoje ?? Se manda,"Plantão Especial  Bom dia ¥25,000--->R$792.78 com taxa inclusa. Lembrando que a cotacao pode mudar as 10:40 am Qualquer dúvida estamos à disposição.  Obrigado"
Tempo de entrega do cartao,Olá quando vou receber a segunda via do cartão verde do yucho?,"Foi requisitado um novo YUCHO card ao senhor, que deve chegar dentro de 3 a 4 dias úteis, a partir de segunda-feira. Qualquer dúvida estamos à disposição. Obrigado."
Confirmacao de cambio/taxas,Boa tarde fiz um depósito de 23mil transferir pra Priscilla Silva Nunes Itaú conta corrente Por favor E qual valorais vai depositar Por favor,Boa tarde! Vai chegar R$727 ok? incluindo as taxas de remessa na cotação de hoje
Como se inscrever,Como enviar dinheiro do Japão?,"Para se inscrever no serviço de remessa, por favor, baixe o aplicativo Brastel Remit e registre todos os dados solicitados. Assim vamos validar sua inscrição e você já poderá registrar os seus beneficiários. Com o app Brastel Remit você tera independência para fazer a remessa por conta propria e a qualquer horario https://brastelremit.jp/por/24h  "
Como se inscrever,Como enviar dinheiro do Japão?,"Para se inscrever no serviço de remessa, por favor, baixe o aplicativo Brastel Remit e registre todos os dados solicitados. Assim vamos validar sua inscrição e você já poderá registrar os seus beneficiários. Com o app Brastel Remit você tera independência para fazer a remessa por conta propria e a qualquer horario https://brastelremit.jp/por/24h  "
Tempo de remessa,Quanto tempo levará para o beneficiário receber o dinheiro?,"Via de regra, as remessas serão pagas via PIX dentro de algumas horas, se todos os dados estiverem corretos."
Como se inscrever,Como fazer o cadastro,"Para se inscrever no serviço de remessa, por favor, baixe o aplicativo Brastel Remit e registre todos os dados solicitados. Assim vamos validar sua inscrição e você já poderá registrar os seus beneficiários. Com o app Brastel Remit você tera independência para fazer a remessa por conta propria e a qualquer horario https://brastelremit.jp/por/24h "
Como se inscrever,Como posso me inscrever no serviço de remessa?,"Para se inscrever no serviço de remessa, por favor, baixe o aplicativo Brastel Remit e registre todos os dados solicitados. Assim vamos validar sua inscrição e você já poderá registrar os seus beneficiários. Com o app Brastel Remit você tera independência para fazer a remessa por conta propria e a qualquer horario https://brastelremit.jp/por/24h  "
Como se inscrever,Como posso me inscrever no serviço de remessa?,"Para se inscrever no serviço de remessa, por favor, baixe o aplicativo Brastel Remit e registre todos os dados solicitados. Assim vamos validar sua inscrição e você já poderá registrar os seus beneficiários. Com o app Brastel Remit você tera independência para fazer a remessa por conta propria e a qualquer horario https://brastelremit.jp/por/24h  "
Como se inscrever,Como posso me inscrever no serviço de remessa?,"Para se inscrever no serviço de remessa, por favor, baixe o aplicativo Brastel Remit e registre todos os dados solicitados. Assim vamos validar sua inscrição e você já poderá registrar os seus beneficiários. Com o app Brastel Remit você tera independência para fazer a remessa por conta propria e a qualquer horario https://brastelremit.jp/por/24h  "
Como se inscrever,Como posso me inscrever no serviço de remessa?,"Para se inscrever no serviço de remessa, por favor, baixe o aplicativo Brastel Remit e registre todos os dados solicitados. Assim vamos validar sua inscrição e você já poderá registrar os seus beneficiários. Com o app Brastel Remit você tera independência para fazer a remessa por conta propria e a qualquer horario https://brastelremit.jp/por/24h  "
Como se inscrever,Como. Faço. Pra. Fazer. O. Cadastro?,Bom dia!  A inscrição deve ser feita através do aplicativo Brastel Remit.  https://brastelremit.jp/24h/#/por/  Qualquer dúvida estamos à disposição. Obrigado.
Cadastro de beneficiario,"Boa noite,estou precisando fazer um novo cartao para outro beneficiario ,como faco",erro ao processar a pergunta
Tempo de entrega do cartao,"Bom dia ,quanto tempo leva para chegar o cartão?",Bom dia  Após o cadastro ficar ativo demora o prazo de 3 á 4 dias úteis Qualquer dúvida estamos à disposição.
Problemas/Duvidas de atualizacao de dados cadastrais,"Bom dia ,gostaria de saber como fazer a mudança de endereço pelo app ?","Olá, bom dia  Basta ir em:  Menu > Minha conta > Perfil > e quando aparecer o seu endereço voce clica em "" editar "" Vai pedir a foto frente e verso do zairyu com o endereço atualizado Qualquer dúvida estamos à disposição."
Confirmacao de cambio/taxas,"Vcs estão cobrando só de para enviar dinheiro para o Brasil 880 yenes. Está muito caro, vou procurar outra agência",Essas são as taxas de envio para o Brasil:  Remessas até ¥30.000 taxa ¥880 De ¥30.001~¥300.000 taxa ¥1.480 De ¥300.001~¥800.000 taxa ¥1.680 Qualquer dúvida estamos à disposição.
Problemas/Duvidas sobre deposito,Tem como mandar dinheiro sem o cartão do correio?,"Bom dia,  Você poderá colocar o valor da remessa no saldo do seu aplicativo por meio do cartão de depósito ou então com seu cartão do banco, ambos passo a passo estão no app.  1. Clicar nas 3 linhas no canto esquerdo do App da Brastel 2. Instruções de depósito 3. Cartão Yucho (cartão da Brastel) ou transferencia bancária (conta no correio) 4. Selecionar o ATM 5. Seguir o passo a passo, exatamente como está no App.  Qualquer dúvida estamos à disposição. Obrigado."
Problemas/Duvidas de atualizacao de dados cadastrais,Boa noite preciso alterar o meu endereço no app,"Bom dia  Basta ir em:  Menu > Minha conta > Perfil > e clicar em "" editar "" embaixo do seu endereço Qualquer dúvida estamos à disposição."
Problemas/Duvidas sobre remessas,Bom dia Poderia me passa o passo a passo para fazer a remessa,"Siga o passo a passo para enviar dinheiro pelo app:  1-Ao fazer o deposito com o cartão que a brastel enviou ou com o cartão do seu banco (transferencia) o valor entra no saldo do aplicativo da brastel remit 2- Verifique na tela inicial ""Meu saldo"". 3- Registre no seu aplicativo para quem deseja enviar: Clicar nas 3 linhas no canto esquerdo do App da Brastel > beneficiario > adicionar beneficiario. 4- Na tela inicial aparecerá o nome do beneficiário: Ex: João -------- *Enviar dinheiro*( Clicar em cima do enviar dinheiro ao lado do nome do beneficiário). 5- Aparece a bandeira do japão e ao lado digite o valor que deseja enviar e logo abaixo na bandeira aparece o valor em reais que a beneficiária irá receber. 6- Abaixo coloque a fonte de recurso. 7- Motivo da remessa E clica em próximo para prosseguir. Qualquer dúvida estamos à disposição. Obrigado."
Confirmacao de cambio/taxas,"Bom dia! Realizei um depósito na Brastel no valor de 87.188¥. Gostaria de saber qual o vlr que a beneficiária irá receber, por favor?","Bom dia,  A beneficiária irá receber 2,815.61 Qualquer dúvida estamos à disposição. Obrigado."
Confirmacao de cambio/taxas,Bom dia Efetuei transferência 76000 Favor informar valor da transação Obrigado,"Bom dia!  O valor a receber é de 2.448,07 (reais) Qualquer dúvida estamos à disposição. Obrigado."
Como se inscrever,Quero. Fazer. A. Escricao. E. Fazer. Uma. Remessa. Pro. Brasil,Bom dia!  A inscrição deve ser feita através do aplicativo Brastel Remit.  https://brastelremit.jp/24h/#/por/  Qualquer dúvida estamos à disposição. Obrigado.
Solicitacao de cartao de remessas,Eu. Não. Tenho. O. Cartão. Se. Remessa. Do. Familha. Mart,"Boa tarde!  Após a inscrição ser aprovada, você receberá um cartão de depósito num prazo de 3 a 4 dias uteis.  Você poderá colocar o valor da remessa no saldo do seu aplicativo por meio desse cartão de depósito ou então com seu cartão do banco, ambos passo a passo estão no app.  Para registrar o beneficiário é possível enviar um formulário para que o próprio se registre ou você mesmo o registre.  Dessa forma, com o valor no saldo e os beneficiários registrados, já é possível enviar as remessas.  As remessas no Brasil estão enviando pagamentos via PIX e chegam no mesmo dia para o beneficiário."
Problemas/Duvidas de atualizacao de dados cadastrais,Obrigado como faço correção cadastro ?,MENU >> Beneficiarios >> click no nome do beneficiario >> EDITAR >> Efetueu a correcao >> Proximo >> Proximo >> Salvar. Qualquer dúvida estamos à disposição. Obrigado.
Confirmacao de cambio/taxas,Boa tarde Hoje quanto seria 810 reais para o Brasil,"Boa tarde 810 reais da o valor de 25,538 yenes (incluindo a taxa de remessa) Qualquer dúvida estamos à disposição."
Confirmacao de cambio/taxas,Boa tarde poderia passar os valores das remessas com taxa  3.370,"Hoje,  3.370 = ¥104,066 Ja com o valor da taxa de remessa incluido."
Confirmacao de cambio/taxas,Boa tarde hoje 400 reais daria quando ynes?,"Boa tarde,  ¥13,057 incluindo a taxa de remessa."
Confirmacao de cambio/taxas,Boa tarde gostaria de saber quanto chega y17.000 já incluindo a taxa quanto chega em real? Obrigada,"Boa tarde!  17 mil ienes : R$525 incluindo as taxas de remessa e depósito, na cotação de hoje"
Cadastro de beneficiario,Boa tarde me tira uma duvida tem como excluir uma conta do aplicativo da Brastel ?,Boa tarde! Para editar/excluir beneficiários:  Menu -> Beneficiários -> Clicar no beneficiário que será alterado -> Editar Qualquer dúvida estamos à disposição. Obrigado.
Problemas/Duvidas de atualizacao de dados cadastrais,Como tirar foto do meu Zai card?,"Boa tarde!  Quando o aplicativo pedir, vai abrir um espaço no qual o Zairyu card precisa estar enquadrado para que seja validado. Qualquer dúvida estamos à disposição. Obrigado."
Confirmacao de cambio/taxas,"Boa tardw Tarde Quanto valor rs 7500 e.7,300 Quanto yen Hoje",Boa tarde! Gostaria de saber o valor dessa quantia em ienes?  R$7500 : 229.783 ienes R$7300 : 223.695 ienes  Na cotação de hoje
Confirmacao de cambio/taxas,Boa tarde 500 reais na cotação de hoje quando seria em yen por favor,"Para ser entregue BRL 500, deve ser depositado ¥16,101, já com a taxa de remessa inclusa"
Tempo de entrega do cartao,Olá meu cartão laranja eu não recebi ainda!!,"A sra. efetuou o pedido hoje. Demora em torno de 4~5 dias uteis para recebe-lo em sua residencia. Por favor, poderia aguardar? Qualquer outra duvida, por favor, entre em contato. Estaremos a disposicao. Uma otima semana."
Confirmacao de cambio/taxas,Olá Boa tarde Quanto que chega no Brasil 800 mil hoje?,"Boa tarde!  Na cotação de hoje, incluindo a taxa de remessa: 800.000 ienes : BRL 26.225 Qualquer dúvida estamos à disposição. Obrigado."
Problemas/Duvidas sobre deposito,Boa noite Sou cliente do serviço de vossa empresa Utilizo o app para efetuar as remessas para minhas contas cadastradas no app Como faço para fazer transferência para conta utilizando minha conta do correio via app,"Boa noite! no próprio aplicativo, no Menu, consta o manual de transferência de conta a conta Menu > Instruções de Depósito > Transferência Bancária > Japan Bank Post > escola o ATM... no passo 14 consta o seu código em vermelho que o cliente deve colocar no  deve colocar como indicado na imagem*"
Problemas/Duvidas de atualizacao de dados cadastrais,Boa noite !como eu faço pra manda a foto do documento pra atualizar meu aplicativo ?,Boa noite! Em seu aplicativo:  Menu -> Minha conta -> Perfil -> Atualizar documento
Confirmacao de cambio/taxas,Olá bom dia Eu quero mandar para o Brasil 1.700 reais Quanto teria que ser em ienes ?,"Bom dia R$1.700,00 ---> ¥52,674 com taxa inclusa.  Lembrando que depois das 10:40 am cotação vai mudar."
Confirmacao de cambio/taxas,"Olá. Bom dia! Eu preciso fazer um depósito para que chegue no brasil um valor de 1300 reais. Qual valor eu preciso depositar, já com as taxas inclusas?","Bom dia,  Sua conversão neste momento ficaria no valor de ¥ ¥40,628 --> R$ 1,300 (valor com a taxa de remessa inclusa)  A depender do horário que fizer, podem haver mudanças na cotação e não garantimos o valor informado. As informações exatas são enviadas por email, ou poderá verificar o seu histórico no website/aplicativo Qualquer dúvida estamos à disposição. Obrigado."
Confirmacao de cambio/taxas,Qt vcs cobram p enviar dinheiro p o Brasil?,Boa tarde Taxa de envio para o Brasil: Remessas até ¥30.000 taxa ¥880 De ¥30.001~¥300.000 taxa ¥1.480 De ¥300.001~¥800.000 taxa ¥1.680 Qualquer dúvida estamos à disposição.  Obrigada
Confirmacao de cambio/taxas,Bom dia 560 reais Tenho depositar quanto correio,"Boa tarde, ¥17,976 incluindo as taxas Qualquer dúvida estamos à disposição. Obrigado."
Confirmacao de cambio/taxas,Boa tarde. Qnto ficaria pra mandar 300 real no aplicativo,"Hoje, para chegar o valor de 300 reais, sera necessario depositar com o cartao, o valor de 10.098 ja com a taxa de remessa e do correio incluidas."
Confirmacao de cambio/taxas,"Boa tarde Poderia me dizer quanto ficaria 1,600 reais em yenes já com as taxas ? Onegai","Boa tarde!  R$ 1600 : ¥49,966 incluindo a taxa de remessa."
Confirmacao de cambio/taxas,Ola 700 reais mudou alguma coisa,"Para chegar BRL 700, deve ser depositado ¥22,093, já com a taxa de remessa inclusa na cotação de hoje"
Confirmacao de cambio/taxas,Olá No caso hoje qual o valor que chega no Brasil 800 mil ienes?,"¥800,000 (incluindo a taxa de remessa) ----> 26,665.42 (reais). Qualquer dúvida estamos à disposição. Obrigado. Boa tarde!"
Cadastro de beneficiario,Qual os documentos por favor,"Boa tarde!  Por favor poderia nos enviar os seguintes dados:  DADOS DO BENEFICIÁRIO  NOME COMPLETO: GRAU DE PARENTESCO: ENDEREÇO NO BRASIL: (Cidade e Estado apenas) CIDADE: ESTADO: TEL.DE CONTATO NO BRASIL: NOME DO BANCO: NÚMERO DA AGÊNCIA: NOME DA AGÊNCIA: (caso não tenha, deixar em branco NúMERO DA CONTA: TIPO DE CONTA(corrente ou poupança): NÚMERO DO CPF:"
Problemas/Duvidas de atualizacao de dados cadastrais,"Boa tarde , estou tentando ler meu cartão zairyu mais o NFC nao funciona como devo proceguir ?","Boa tarde!  Na maioria dos aparelhos o leitor está localizado na parte superior. Por favor, tente inclinar o celular de modo que a parte superior do seu celular fique bem próximo ao seu zairy card, e mantenha a posição por alguns segundos até que carregue a informação. Temos vídeos que ajudam os clientes a fazerem as inscrições.  Com aparelhos de celulares com o novo sistema NFC e para aparelhos que não possuem o sistema NFC. - Com o sistema NFC: https://www.youtube.com/watch?v=U_jAVo2qYt4 - Sem o sistema NFC: https://www.youtube.com/watch?v=tc8yeWvQdlw&t=143s Qualquer dúvida estamos à disposição. Obrigado."
Termos e condicoes do servico,"Boa tarde gostaria de saber se vcs enviam dinheiro para a Índia  aguardo a resposta,obrigado","Boa tarde,  Sim, também enviamos para a Índia.  Por favor, click no link abaixo e poderá verificar quais países estão na nossa lista. https://brastelremit.jp/por/simulator  ---> Click em Tarifas e limites para informações adicionais sobre os países. Qualquer dúvida estamos à disposição. Obrigado."
Confirmacao de cambio/taxas,"Boa tarde Gostaria de saber a cotação pra 30,000¥ sem a taxa, por favor","Boa tarde,  30,000 ienes pagando a taxa a parte: 1,002 reais."
Confirmacao de cambio/taxas,"Vc poderia estar me passando o valor de 20,000¥ em real","Com a cotação de hoje, incluindo as taxas de remessa:  20 mil ienes : R$638"
Cadastro de beneficiario,"Bom dia Eu já tenho cartão brastel pra enviar pra minha filha Eu preciso fazer um pra minha conta Poderia me ajudar, por favor","DADOS DO BENEFICIÁRIO  NOME COMPLETO: GRAU DE PARENTESCO: ENDEREÇO NO BRASIL: (Cidade e Estado apenas) CIDADE: ESTADO: TEL.DE CONTATO NO BRASIL: NOME DO BANCO: NÚMERO DA AGÊNCIA: NOME DA AGÊNCIA: (caso não tenha, deixar em branco NúMERO DA CONTA: TIPO DE CONTA(corrente ou poupança): NÚMERO DO CPF:"
Tempo de entrega do cartao,Obrigada Tem previsão de chegar o cartão?,"Por favor, aguarde que ira receber o seu cartao dentro de 4~5 dias uteis. Qualquer dúvida estamos à disposição. Obrigado. Uma otima tarde."
Confirmacao de cambio/taxas,Boa tarde fiz um depósito de 33.500  Qual valor que vai dar por favor,"Boa tarde. Chegara o valor de 1,069.53 reais. Iremos processar a sua solicitacao. Muito obrigada."
Como se inscrever,Boa tarde Qual o procedimento para enviar valores para o Brasil?,"Para se inscrever no serviço de remessa, por favor, baixe o aplicativo Brastel Remit e registre todos os dados solicitados. Assim vamos validar sua inscrição e você já poderá registrar os seus beneficiários. Com o app Brastel Remit você tera independência para fazer a remessa por conta propria e a qualquer horario https://brastelremit.jp/por/24h  "
Confirmacao de cambio/taxas,Ola O valor transferido foi 30.640 Me confirme por favor o valor e que chegará em reais,"Chegará R$ 1002 desculpe, por favor ignore a mensagem acima chegará R$994"
Confirmacao de cambio/taxas,"Bom Dia! Acabei de fazer um depósito de ¥ 151.480, favor enviar ao Brasil o valor de ¥150.000 Pode me passar o valor em Real que vai. Chegar no Brasil ",5.019 reais
Confirmacao de cambio/taxas,Boa tarde quanto tá hoje pra mandar 1.000 reais ?,"Boa tarde. Hoje, para 1.000 reais = ¥30,820 ja com a taxa de remessa incluida."
Confirmacao de cambio/taxas,130 mil da quantos pra enviar hoje no Brasil?,"Boa tarde!  4,292 reais incluindo a taxa de remessa. Vamos aguardar o seu depósito para processar a remessa. Obrigado."
Solicitacao de cartao de remessas,"Favor enviar cartão laranja , onegaishimasu",Bom dia Para solicitar o cartão laranja no aplicativo:  Menu - > Instruções de depósito -> Saiba mais e solicite Qualquer dúvida estamos à disposição.  Obrigado
Confirmacao de cambio/taxas,50 mil yens da que reAl,"¥50,000 (com a taxa de remessa inclusa) ---> BRL 1,606.11"
Confirmacao de cambio/taxas,Preciso que chega lá mil reais qual valor do depósito?,para: R$1000 : 31.691 ienes incluindo as taxas de remessa.
Confirmacao de cambio/taxas,Oi Boa noite Quanto que chega no Brasil ¥25 mil yenes,"Boa noite Ao depositar ¥25,000, será enviado BRL 798, já com a taxa de remessa inclusa"
Tempo de remessa,Quanto tempo levará para o beneficiário receber o dinheiro?,"A maioria dos pagamentos estão sendo feitos via PIX. Os pagamentos feitos via PIX, geralmente são pagos no mesmo dia do envio da remessa, porém quando o PIX não for possível, o banco vai pagar via TED que nesse caso somente durante o expediente bancário no Brasil."
Confirmacao de cambio/taxas,Oi bom dia no dia de ontem Eu depositei 60.000 ienes para cair na conta do Brasil  E por gentileza me mande o valor,"A beneficiária receberá 1,937.13 Qualquer dúvida estamos à disposição. Obrigado."
Confirmacao de cambio/taxas,Boa tarde Se eu enviar hoje 40 mil yes Quanto que vai chegar no Brasil hoje,"Bom dia A maioria dos pagamentos estão sendo feitos via PIX. Os pagamentos feitos via PIX, geralmente são pagos no mesmo dia do envio da remessa, porém quando o PIX não for possível, o banco vai pagar via TED que nesse caso somente durtante o expediente bancário no Brasil."
Tempo de remessa,Fi uma remessa e gostaria de saber qdo vai cair,erro ao processar a pergunta
Confirmacao de cambio/taxas,Bom dia 100 mil Ienes sem taxa quanto chega no Brasil?,"Bom dia,  ¥100,000 -----> BRL 3,310.19 Qualquer dúvida estamos à disposição. Obrigado."
Confirmacao de cambio/taxas,Por favor vcs vê mil reais Aí depois por favor 700 reais,"Bom dia R$1.00,00 ---> ¥31,691 com taxa inclusa. R$700,00 -->¥22,028 com taxa inclusa"
Confirmacao de cambio/taxas,Bom dia eu gostaria de saber quanto é 450.000pra mandar pro Brasil real desde já agradeço,"Bom dia,  450.000 ---->R$14,840.26 com taxa inclusa."
Confirmacao de cambio/taxas,Bom dia Quanto fica em ienes para mandar para chegar 1300 reais ou 1500 reais por favor fico aguardando,"Bom dia R$1.300,00 ---> ¥40,754 com taxa inclusa.  R$1.500,00 ---->¥46,796 com taxa inclusa. Qualquer dúvida estamos à disposição.  Obrigado"
Problemas/Duvidas de atualizacao de dados cadastrais,Bom dia. Estou entrando em contato pois mudei de endereço. Zayrucard já está atualizado,"Basta ir em:  Menu > Minha conta > Perfil > e clicar em "" editar "" embaixo do seu endereço"
Confirmacao de cambio/taxas,Boa tarde td bm Vc poderia me informar qual a taxa para estar enviando 150 mil yens?,Boa tarde!  Taxa de envio para o Brasil: Remessas até ¥30.000 taxa ¥880 De ¥30.001~¥300.000 taxa ¥1.480 De ¥300.001~¥800.000 taxa ¥1.680
Confirmacao de cambio/taxas,Qto da 1000 reais,"Boa tarde,  Para enviar 1,000 ----> ¥31,691 (com a taxa de remessa inclusa)> Qualquer dúvida estamos à disposição. Obrigado."
Confirmacao de cambio/taxas,"Oi boa tarde tudo bem ? 850,00 sao quantos yenes por favor ?","Boa tarde!  R$ 850,00 : ¥26,559 Incluindo as taxas de remessa na cotação de hoje"
Confirmacao de cambio/taxas,"Bom dia  Por favor poderia fazer o envio de ¥28,000 Qual o valor disponivel em reais ? ","Bom dia, 895 reais Vamos processar. Obrigado."
Cancelamento,"Bom dia , fiz uma remessa por engano , em uma conta que foi cancelada no Brasil . Gostaria de saber quais procedimentos? Obrigado!","Bom dia O pedido de cancelamento foi solicitado.  Por favor,aguarde."
Tempo de remessa,Bom dia quanto tempo demora para chegar uma remessa,"Bom dia,  Em geral as remessas são pagas no mesmo dia, até o final do expediente bancário no Brasil.  Qualquer dúvida estamos à disposição. Obrigado."
Confirmacao de cambio/taxas,Bom dia Eu vou mandar 80.000 yen por favor quando daria em reais?,"Bom dia!  80.000 ienes: 2,595 reais incluindo a taxa de remessa"
Confirmacao de cambio/taxas,Oi boa tarde 500 mil yens tá chegando quanto no Brasil hj?,"Boa tarde. Hoje, para 500.000 = BRL 16,469.68 ja com o valor da taxa de remessa incluido."
Confirmacao de cambio/taxas,Bm dia Boa tarde 30 mil yens da que real,"Boa tarde, 962 reais incluindo a taxa de remessa."
Tempo de entrega do cartao,"Desculpe me , esqueci de perguntar quanto tempo para chegar o cartão de depósito! foi pedido hoje","Sobre o seu pedido, levara em torno de 4~5 dias uteis para receber os cartoes na sua residencia."
Problemas/Duvidas sobre deposito,Boa tarde Gostaria de receber o passo a passo de como inserir dinheiro no cartão laranja da Brastel Pelo kombini,O passo a passo está disponível no app: menu -> instruções de depósito -> cartão brastel remit -> ATM Compacto do Japan Post Bank
Cadastro de beneficiario,Como ela faz para me enviar o link para preencher os dados do destinatário?,Menu -> beneficiários -> adicionar beneficiários -> enviar formulário para o beneficiários
Confirmacao de cambio/taxas,Gostaria de saber quanto e necessário eu mandar para o Brasil em Inés para chegar lá 15000 reais qual a cotação do dólar hoje aqui e a do Brasil por favor,"Boa tarde!  Na cotação de hoje, incluindo as taxas de remessa:  R$15000 : 455534 ienes"
Cadastro de beneficiario,Bom dia ou boa noite gostaria de saber qual o procedimento para enviar dinheiro para Índia ?? por favor,Boa noite O procedimento do envio é o mesmo Basta adicionar o beneficiário com os dados corretos
Problemas/Duvidas sobre remessas,Por favor vocês teriam um tutorial de como mandar dinheiro do app do correio para a conta de vocês para mim poder fazer a remessa para o Brasil ?,Boa noite! No próprio aplicativo é possível encontrar esse tutorial:  Menu -> Instruções de depósito
Cadastro de beneficiario,Vocês tem pix o app de vocês pra mandar dinheiro pro Brasil  E que eu já tenho o aplicativo Brastel queri fazer remessa via pix e que eu vou fazer um consórcio no Brasil será que dá pra mandar ?,"Boa noite Para enviar remessa para o Brasil, é necessário cadastrar os dados bancários completo do beneficiário: nome do banco, agência, número da conta, tipo de conta e dados pessoais do beneficiário (endereço, cpf, etc)"
Confirmacao de cambio/taxas,500 reais Quanto preciso depositar correio,"Bom dia,  Sua conversão neste momento ficaria no valor de ¥16.283 -> R$500,00 (valor com as taxas inclusa) Qualquer dúvida estamos à disposição. Obrigado."
Confirmacao de cambio/taxas,Bom dia 800 mil chega quanto no Brasil hoje?,"Bom dia R$26,106.32 -->com taxa inclusa."
Confirmacao de cambio/taxas,Boa tarde quantos da 18m ienes hoje?,"Boa tarde,  ¥18,000 (com a taxa de remessa inclusa) --> R$559.85 Qualquer dúvida estamos à disposição. Obrigado."
Confirmacao de cambio/taxas,Agora foi Foi feito uma Remessa de ¥32.000 dia 22 Quanto vai cair??,"O valor que o beneficiário irá receber é de 1,010.27. Em geral as remessas são pagas no mesmo dia"
Tempo de remessa,Quanto tempo levará para o beneficiário receber o dinheiro?,"Boa tarde, A maioria das remessas da Brastel para o Brasil estão sendo realizadas via PIX. Assim, estão sendo pagas dentro de alguns minutos, se todos os dados estiverem corretos e a conta estiver apta a receber pagamentos via PIX. Qualquer dúvida estamos à disposição. Obrigado."
Confirmacao de cambio/taxas,22mil vai da qual valor??,22 mil ienes: 690 reais incluindo a taxa de remessa.
Confirmacao de cambio/taxas,Boa tarde quanto tá hoje 2.000 reais em yen?,"Boa tarde Para chegar BRL 2,000, deve ser depositado ¥62,640, já com a taxa de remessa inclusa"
Reembolso,Boa tarde gostaria de saber no caso eu tenho SALDO eu consigo fazer o saque?,"O sr consegue realizar o reembolso para a sua conta no Japão quando há saldo no app da Brastel, com uma taxa. Pode ser solicitado no app: Menu ->minha conta -> reembolso"
Tempo de remessa,"sabe me dizer, quanto tempo vai demorar??? e que a pessoa estar …esperando esse depila no Brasil …. ops esse depósito…","Boa tarde, A maioria das remessas da Brastel para o Brasil estão sendo realizadas via PIX. Assim, estão sendo pagas dentro de alguns minutos, se todos os dados estiverem corretos e a conta estiver apta a receber pagamentos via PIX. Qualquer dúvida estamos à disposição. Obrigado."
Confirmacao de cambio/taxas,bom dia. em que parte do aplicativo da Brastel que posso fazer simulação de valor a enviar pro Brasil,"Bom dia,  Para calcular o valor acesse em nosso site o simulador de envio:  https://brastelremit.jp/por/simulator# Qualquer dúvida estamos à disposição. Obrigado."
Confirmacao de cambio/taxas,Gostaria de enviar 1.900 p minha conta Nubank qual valor de yenes eu preciso depositar Qual a taxa de envio,"Bom dia,  1.900 reais: ¥59,637 incluindo a taxa de remessa Taxa de envio para o Brasil: Remessas até ¥30.000 taxa ¥880 De ¥30.001~¥300.000 taxa ¥1.480 De ¥300.001~¥800.000 taxa ¥1.680 Qualquer dúvida estamos à disposição. Obrigada."
Confirmacao de cambio/taxas,Ola boa tarde tudo bem! Fiz uma remessa de 20.000   Mai’s ou menos vai cair quanto ? Muito obrigada,"A beneficiária receberá R$624,66"
Tempo de remessa,Quando manda assim nesse horário che na hora ou sô depoi,"Bom dia!  A maioria das remessas da Brastel para o Brasil estão sendo realizadas via PIX. Assim, estão sendo pagas dentro de alguns minutos, se todos os dados estiverem corretos e a conta estiver apta a receber pagamentos via PIX. Sobre a remessa de ontem, os dados foram corrigidos e a remessa foi paga.  Qualquer dúvida estamos à disposição. Obrigado."
Termos e condicoes do servico,Oi bom dia Tenho q enviar p Brasil 1.000.000 yenes Tenho algum problema ?,"Bom dia O limite por transação: 800.000 ienes Limite diário: 1.000.000 ienes Nosso limite de remessa de 800.000 ienes , mas o limite diário de um milhão de ienes, o processamento de 1.000.000 ienes exigiria dois depósitos, um de 800 ienes e outro de 200.000 ienes."
Confirmacao de cambio/taxas,Olá preciso mandar 700 reais para o Brasil Qto está dando em ienes,"Boa tarde,  700 reais: ¥22,321 incluindo a taxa de remessa. Obrigado."
Como se inscrever,Boa tarde Gostaria de enviar dinheiro para o Brasil no nubank como faco,"Para se inscrever no serviço de remessa, por favor, baixe o aplicativo Brastel Remit e registre todos os dados solicitados. Assim vamos validar sua inscrição e você já poderá registrar os seus beneficiários. Com o app Brastel Remit você tera independência para fazer a remessa por conta propria e a qualquer horario https://brastelremit.jp/por/24h  "
Confirmacao de cambio/taxas,Pra enviar chegar rs 8600 Quanto enviar yens,"Boa tarde!  R$ 8600,00 : ¥264,883"
Tempo de remessa,"Acabei de fazer o depósito pelo cartão brastelremit, quanto tempo leva para o dinheiro sem creditado para poder transferir para o Brasil???",Boa tarde Pedimos para aguardar pelo menos 20 min para o valor ser processado no seu saldo
Confirmacao de cambio/taxas,Sim qto fica 170 reais com taxa Eu vou enviar hj,"R$170,00 ---> ¥6.124 com taxa inclusa."
Confirmacao de cambio/taxas,Por favor gostaria de saber a cotação do dólar hoje no Japão e quanto está lá no Brasil e quanto vai chegar no Brasil se eu mandar 300 mil ienes,"300.000 ienes : R$9583  na cotação de hoje, incluída a taxa de remessa."
Confirmacao de cambio/taxas,Boa tarde Mandei ¥ 72.000 mil para você fazerem a remessa para o Brasil .  Qual o valor que vai chegar ???,"Bom dia,  Vamos processar a sua remssa.  O beneficiário receberá, 2,263.83  Qualquer dúvida estamos à disposição. Obrigado."
Confirmacao de cambio/taxas,20 mil da que resl,"R$613.79 ----> 20.000,00 com taxa inclusa."
Tempo de remessa,"Me desculpe, mas quanto tempo demora aproximadamente para o valor ser creditado na conta que eu enviei No caso foi para o vietnan.",Prazo de entrega aproximado: Depósito em conta bancária 1 a 3 dias úteis Agente de coleta 15 minutos a 3 horas Entrega em domicílio 1 a 5 dias úteis Qualquer dúvida estamos à disposição. Obrigado.
Problemas/Duvidas sobre deposito,"fui fazer o depósito no caixa eletrônico do correio, so que dizia que não tava para fazer transferência.","Boa tarde! Por gentileza, certifique-se que a senhora está seguindo o passo-a-passo corretamente na hora de fazer o depósito. Para acessar o passa a passo, no app: Menu -> Instruções de depósito"
Problemas/Duvidas sobre deposito,Recebi um cartão para remessa da Brastel A taxa de envio é 440 tens Yens? O uso do cartão e o mesmo sistema do outro cartão ?,Bom dia!  Para quem efetua depositos acima de 100mil o novo cartao ira facilitar pois podera ser efetuado com um unico deposito.As taxas de depósito do cartão laranja variam de acordo com o dia e o horário do depósito:  . Valor máximo por deposito: 1.000.000 . Taxas de deposito: Segunda a sexta (8:45 ~ 18:00) Sabado (9:00 ~ 14:00) 1.000 ~ 110.000 =440 110.001 ~ 1.000.000 = 550  Fora dos horários indicados acima e nos feriados bancários: 1.000 ~ 110.000 = 550 110.001 ~ 1.000.000 = 660  As taxas serão deduzidas quando o dinheiros for transferido para o saldo da sua conta no aplicativo (App).
"Pedido de envio via metodo ""ByPhone""",Oii Eu fiz um depósito de 9 mil Você pode tranferir na conta de AAAA SSS AAA  Banco Santander,Boa tarde Vamos processar sua remessa. Obrigado
Confirmacao de cambio/taxas,"Vou depositar 30,000 quanto daria?","Bom dia,  933 reais incluindo as taxas. Qualquer dúvida estamos à disposição. Obrigado."
"Pedido de envio via metodo ""ByPhone""",Bom dia. Fiz um depósito de 31k e gostaria que fosse depositado em nome de CC MM. Banco Bradesco. Obrigado,"Bom dia,  Pelas taxas da remessa não e possível enviar 31,000 só será possível enviar 30.880, pois a taxa até 30.000 são de 880 passado dos 30.000, a taxa fica 1.480. Podemos enviar 30,880 e deixarmos 120 no seu saldo ?"
Confirmacao de cambio/taxas,Bom dia vcs pode me informar qto fica 110 reais com taxa fazendo um favor hj preciso mandar esse valor obrigado,"Boa tarde,  110 reais ---> ¥4,297 (com a taxa de remessa inclusa). Qualquer dúvida estamos à disposição. Obrigado."
"Pedido de envio via metodo ""ByPhone""","Bom dia !!! Desculpa a demora , Estava trabalhando  Por favor depositar na minha conta do Santander","Boa tarde, Vamos processar. Obrigado."
"Pedido de envio via metodo ""ByPhone""",Depositei 30 mil Beneficiário JJJJJ Gxxxxx Cxxxxx Com G ou C o sobrenome não me lembro o certo. Desculpa,"Quando a senhora utiliza o cartão de depósito, a remessa é processada automaticamente para o beneficiário associado a esse cartão. A remessa foi processada para JJJJ  CCC CCCC Qualquer dúvida estamos à disposição. Obrigado."
"Pedido de envio via metodo ""ByPhone""",Favor processar pra SSSS   os 30000 ¥ com urgência. Obrigado,"Boa tarde,  Vamos processar.  Obrigada! Qualquer dúvida estamos à disposição."
Problemas/Duvidas de atualizacao de dados cadastrais,Onegai shimassu,Boa Tarde !  Seu cadastro foi atualizado com sucesso! Agora a senhora já pode enviar dinheiro. Qualquer dúvida estamos à disposição. Obrigado.
Solicitacao de cartao de remessas,Bom dia pode me ajudar ? Perdi meu cartão de remessa como faço para adquirir outro?   TT SSSS,"Bom dia, Aparecida!  Por favor, poderia informar qual cartão a senhora gostaria que enviássemos, o cartão da beneficiária TT SSSS ou o cartão da beneficiária AAAA SSSS?  Muito Obrigada! igualmente para a senhora! O cartão de depósito será entregue dentro de uma semana a partir de hoje."
"Pedido de envio via metodo ""ByPhone""","Olá, boa tarde Fazer uma remessa de 20,000 para MM NN CC por favor ","Boa tarde,  Vamos processar a sua remessa.  Qualquer dúvida estamos à disposição. Obrigado."
"Pedido de envio via metodo ""ByPhone""",Na minha própria conta,"Boa tarde, Vamos processar. Obrigado."
"Pedido de envio via metodo ""ByPhone""",Boa tarde Porfavor enviar a remessa no valor total de ¥ 30.000 para Beneficiária: JJJ CCC . Obrigado!,"Boa tarde, Vamos processar. Obrigado."
"Pedido de envio via metodo ""ByPhone""",Ola. Fiz depósito de 50 mil. Favor enviar para conta de YY UUU  (caixa econômica federal ),"Boa tarde! Obrigado por informar, vamos processar a sua remessa, lembrando que o senhor possui 120 ienes disponíveis sobrando em saldo na sua conta."
Confirmacao de cambio/taxas,Boa tarde poderia me passar o valor do dólar hoje onegai,Boa tarde Só um momento por gentileza
"Pedido de envio via metodo ""ByPhone""",Boa tarde  Depositei 200mil yenes  De AAA BBB para AAA BBB,Boa tarde Vamos processar sua remessa. Obrigado
"Pedido de envio via metodo ""ByPhone""",Acabei de fazer uma remessa de ¥7440 para o beneficiário RRR KKK .,Obrigado por informar! Vamos processar a sua remessa.
Confirmacao de cambio/taxas,"Boa tarde, quanto da 250.000 yenes no Brasil hj?","Boa tarde! Na cotação de hoje, incluindo a taxa de remessa: R$8002"
Confirmacao de cambio/taxas,Quanto enviar rs 10000 Ou rs 10500,"Boa tarde!  R$10.000 -> ¥312,223 R$10.500 -> ¥327,750  Na cotação de hoje, incluindo a taxa de remessa."
"Pedido de envio via metodo ""ByPhone""",Fiz um depósito para MM LL poderia verificar por favor,"Boa tarde! Vamos processar a sua remessa, obrigado."
"Pedido de envio via metodo ""ByPhone""",Boa noite favor fazer a remessa KK OO ¥50.000 e SSS OO ¥50.000,Boa noite Vamos processar sua remessa. Obrigado
"Pedido de envio via metodo ""ByPhone""","Boa noite Fiz um depósito pra vcs e gostaria que fizessem a transferência por favor  Banco Itaú MM MM NN 10,880¥","Boa tarde! Obrigado por informar, vamos processar a sua remessa."
"Pedido de envio via metodo ""ByPhone""",Boa noite Fiz uma remessa de 162.000 mil yen para BB MM  onegai,Boa noite! vamos processar conforme solciitado. Algo mais?
"Pedido de envio via metodo ""ByPhone""","Boa noite, fiz uma transferência de 250.000.yenes favor transferir pra MM EE , 2.000,00 reais e o restante na conta de MM AA . Obrigado  ",Boa noite Vamos processar sua remessa. Obrigado
"Pedido de envio via metodo ""ByPhone""",Dólar tá bom  Na minha conta AAA MMM,Vamos processar sua remessa. Obrigado
Confirmacao de cambio/taxas,Quanto da rs9500 reais Quanto mandar yens,"Boa noite Para enviar BRL 9,500, deve ser depositado ¥296,496, já com a taxa de remessa inclusa na cotação de hoje"
"Pedido de envio via metodo ""ByPhone""",Boa noite  Fiz uma transferência de ¥481800  ¥470 mil para III NN  ¥11800 para PPP OOO  Onegai shimasu,"Boa noite! Obrigado, vamos processar a sua remessa."
Confirmacao de cambio/taxas,Bom dia gostaria de enviar 180 reais para uma consulta terapeutica,"R$180,00 -----> ¥6,427 cim taxa inclusa.  Lembrando que cotação pode mudar as 10:40 am. Ficaremos aguardando o seu deposito."
"Pedido de envio via metodo ""ByPhone""",130.742¥ De CC SS YY para minha conta própria Nubank por favor,Vamos processar sua remessa. Obrigado
Confirmacao de cambio/taxas,Boa tarde Gostaria de mandar 500 real para o Brasil Quando daria em yan ?,Boa tarde Valor 500 Reais --> 16.360 Yen
Problemas/Duvidas sobre deposito,,Obrigado por nos enviar a foto. Normalmente demora alguns minutos para entrar no saldo. Verificamos que o valor foi colocado no seu saldo. Qualquer dúvida estamos à disposição. Obrigado.
Cancelamento,Boa tarde essa remessa pode ser cancelada por favor a conta que mandei o dinheiro foi encerrada,"Boa tarde  Iremos solicitar o cancelamento. Porém, devido ao fuso horário e o feriado no Brasil, o cancelamento não será imediato."
Como se inscrever,"Olá, gostaria de saber como posso solicitar o cartão de remessa","Boa tarde,  A senhora já fez o cadastro de remessa na Brastel Remit?  Para se inscrever no serviço de remessa, por favor, baixe o aplicativo Brastel Remit e registre todos os dados solicitados. Assim vamos validar sua inscrição e você já poderá registrar os seus beneficiários. Com o app Brastel Remit você terá independência para fazer a remessa por conta própria e a qualquer horário https://brastelremit.jp/por/24h "
"Pedido de envio via metodo ""ByPhone""",Boa tarde Fiz deposito por favor transferencia hoje JJ OOO minha filha Fazendo favor Hoje,"Boa tarde, Vamos processar. Obrigado."
"Pedido de envio via metodo ""ByPhone""","Olá boa tarde fiz um depósito hoje no valor de 20,000 yen Transferir por favor para HH WW",Boa tarde! Vamos processar. Obrigado.
"Pedido de envio via metodo ""ByPhone""",Beneficiário NN TTT UUU  quero fazer o pedido de envio de 100 101 mil yen desconta a taxa dos 101 mil yen por favor taxa de envio,A remessa foi registrada
"Pedido de envio via metodo ""ByPhone""","Boa tarde! Acabei de transferir 144.000¥, poderia por favor enviar para mesma conta de sempre da Nubank?","Boa tarde! Obrigado por informar, vamos processar a remessa para a mesma conta das últimas vezes"
"Pedido de envio via metodo ""ByPhone""","Boa noite eu acabei de fazer uma remessa de 272,000 ienes gostaria de mandar 20.000 para AAA YYY pode tirar a taxa do mesmo o restante pode mandar para minha conta por favor!   ","Boa noite! Obrigado por informar, vamos processar a sua remessa."
"Pedido de envio via metodo ""ByPhone""",Depositei 19.700 ¥ Beneficiária MM OOO Caixa Econômica Federal Agência XXXX,"Boa tarde! Vamos processar a sua remessa, obrigado."
"Pedido de envio via metodo ""ByPhone""","Boa noite, fiz o depósito, vou passar o nome dos beneficiários: LLL SSS III Valor:300.000 AAA III Valor:30.000  ",Boa noite Vamos processar sua remessa. Obrigado
"Pedido de envio via metodo ""ByPhone""","Boa Noite Meu Nome é NN HHH eu fiz uma remessa de ¥72,000 mil ienes vai para meu beneficiario NN FFF  ","Bom dia,   Vamos processar a sua remessa.  Qualquer dúvida estamos à disposição. Obrigado."
Como se inscrever,Como enviar dinheiro do Japão?,"Bom dia!  Para se inscrever no serviço de remessa, por favor, baixe o aplicativo Brastel Remit e registre todos os dados solicitados. Assim vamos validar sua inscrição e você já poderá registrar os seus beneficiários. Com o app Brastel Remit você terá independência para fazer a remessa por conta própria e a qualquer horário https://brastelremit.jp/por/24h  "
Problemas/Duvidas sobre deposito,bom dia acabei de fazer essa transferência pra brastel entra direto no meu app?,"Bom dia  Sim, após realizar o deposito em poucos minutos entra no seu saldo. Qualquer dúvida estamos à disposição. Obrigado."
"Pedido de envio via metodo ""ByPhone""","Bom dia , foi enviado 495 mil para conta da brastel , favor enviar para o banco do brasil","Boa tarde, Vamos processar. Obrigado."
"Pedido de envio via metodo ""ByPhone""",acabei de fazer uma transferência de25.000 ienes poderia enviar para a conta AA DD por gentileza,"Boa tarde, Vamos processar. Obrigado."
"Pedido de envio via metodo ""ByPhone""",Boa tarde favor processar pra SSSS os ¥ 30000 Obrigado,"Boa tarde,  Vamos processar a sua remessa.  Qualquer dúvida estamos à disposição. Obrigado."
"Pedido de envio via metodo ""ByPhone""",Olá foi feito um depósito de 30000 a beneficiária e na conta da NuBank de EEE MMM !Obrigsfa,"Boa tarde,  Vamos processar a sua remessa.  Qualquer dúvida estamos à disposição. Obrigado."
"Pedido de envio via metodo ""ByPhone""",Boa tarde depositei 250000. Por favor depositar na minha conta banco Itaú,Boa tarde Vamos processar sua remessa. Obrigado
Solicitacao de cartao de remessas,Como solicitor segunda via do cartao,Podemos solicitar. Seroa outro cartão de depósito (cartão verde?)
Como se inscrever,Como posso me inscrever no serviço de remessa?,"Para se inscrever no serviço de remessa, por favor, baixe o aplicativo Brastel Remit e registre todos os dados solicitados. Assim vamos validar sua inscrição e você já poderá registrar os seus beneficiários. Com o app Brastel Remit você terá independência para fazer a remessa por conta própria e a qualquer horário https://brastelremit.jp/por/24h"
Confirmacao de cambio/taxas,100 mil da quanto,100 mil ienes -> R$3213 Incluindo a taxa de remessa na cotação de hoje.
Confirmacao de cambio/taxas,Boa noite Como faço para fazer a conversão Presciso Que chega no Brasil 540 reais,"Para chegar BRL 540, deve ser depositado ¥17,439 já com a taxa de remessa inclusa. Isso na cotação e hoje."
Tempo de remessa,Quanto tempo levará para o beneficiário receber o dinheiro?,"Via de regra, as remessas serão pagas via PIX dentro de algumas horas, se todos os dados estiverem corretos."
"Pedido de envio via metodo ""ByPhone""",Depositei 17000 mil ienes depositar para YYY SSS para o Chile por favor,Vamos processar sua remessa.
"Pedido de envio via metodo ""ByPhone""","Boa trd! Após a confirmação do meu depósito, queiram por gentileza efetuar a remessa do msm em nome de NNN KKK Jr. Muito obrigado!","Boa tarde,  Recebemos o seu deposito no valor de 23,000 yen. Vamos processar a sua remessa"
Termos e condicoes do servico,"Considerando que recebi essa última transferência em 30/04, quando poderia receber outra de igual valor?","Boa tarde,  O limite por remessa: 800.00 ienes Limite diário: 1.000.000 ienes ; Limite de transações por mês: até 30 transações"
Acesso a conta,E a senha Não me lembro,Vamos registrar o seu novo email em seu cadastro. Por favor aguarde alguns minutos. Após a atualização será enviado os dados de login para acessar o seu aplicativo. Você receberá no seu novo email.
"Pedido de envio via metodo ""ByPhone""","Boa tarde. Por gentileza, remessa em meu nome, na conta do Bradesco.      ","Boa tarde! Obrigado por informar, vamos processar a sua remessa."
Solicitacao de cartao de remessas,Boa tarde PPP AAA   (5367917) Enviar um novo cartão yucho por favor Endereço atualizado no Aplicativo para smartphones do servico de remessas,Boa tarde Solicitado
Acesso a conta,Eu não consigo entrar na conta,Boa tarde. Chegou o e-mail com a senha temporária? Reenviamos para o e-mail cadastrado: zzzzz@xxx.com.br Utilize o usuário e senha enviado para entrar na sua conta
Acesso a conta,O meu e mail Yahoo está inativo estou usando outro e-mail ZZZZZ@gmail.com,Enviamos o seu usuário e uma senha temporário no seu email Poderia confirmar?
Como se inscrever,Como enviar dinheiro do Japão?,"Para se inscrever no serviço de remessa, por favor, baixe o aplicativo Brastel Remit e registre todos os dados solicitados. Assim vamos validar sua inscrição e você já poderá registrar os seus beneficiários. Com o app Brastel Remit você terá independência para fazer a remessa por conta própria e a qualquer horário https://brastelremit.jp/por/24h"
"Pedido de envio via metodo ""ByPhone""",Mandei agora o dinheiro para Brastel O beneficiário é:AAAAA,"Boa noite! Obrigado, vamos processar a sua remessa."
Cancelamento,"Olá , por favor ! Eu não posso mais esperar , peço que cancelem a operação e extornem o recurso na minha conta por favor","Vamos solicitar o cancelamento, porém, devido ao fuso horário e o horário de expediente bancário no Brasil, o cancelamento não será imediato."
Acesso a conta,Boa tarde. Sou QQQ JJJ  Mudei de aparelho de celular e nao consigo baixar o aplicativo da Brastel. Fala senha ou nome invalido. Ja mudei a senha e aparece a mesma coisa,"Bom dia  Para recuperar o acesso a sua conta, por favor nos confirme o seu email para enviarmos uma senha temporária.  email registrado: aaaaaa@gmail.com "
"Pedido de envio via metodo ""ByPhone""","Bom dia Realizei um depósito de ¥90,000 Gostaria que fossem depositados nas contas de NNNN  ¥ 40,000 KKKK  ¥ 25,000 CCCC ¥ 25,000 Obrigado",Bom dia Vamos processar sua remessa. Obrigado
Problemas/Duvidas de atualizacao de dados cadastrais,Nao estou conseguindo tirar foto do cartao de registro de estrangeiros card,"Olá, boa tarde!  Temos vídeos que ajudam os clientes a fazerem as inscrições.  Com aparelhos de celulares com o novo sistema NFC e para aparelhos que não possuem o sistema NFC. - Com o sistema NFC: https://www.youtube.com/watch?v=U_jAVo2qYt4 - Sem o sistema NFC: https://www.youtube.com/watch?v=tc8yeWvQdlw&t=143s"
"Pedido de envio via metodo ""ByPhone""","Bt,enviei 10 mil yens pra remessa pro Brasil, Remetente:LL AAA , Destinatário:TTT AAA , desde já agradeço","Boa tarde! Obrigado por informar, vamos processar a sua remessa."
Tempo de remessa,Boa tarde Se eu depositar chega hoje?,"É pra chegar hoje normalmente, se estiver tudo certo com a conta de destino lá do Brasil e não houver nenhum problema no sistema."
Confirmacao de cambio/taxas,10 mil da quanto la no brasil,erro ao processar a pergunta
"Pedido de envio via metodo ""ByPhone""",Boa tarde! Acabei de mandar um valor de 77000 para a beneficiária AA OOOO,"Boa tarde! Vamos processar a sua remessa, obrigado."
"Pedido de envio via metodo ""ByPhone""",Boa tarde Brastel fiz uma transferência de 42. De 42.000 iens por favor enviar para DDD LLLL desde já muito obrigado,"Boa tarde! Obrigado por informar, vamos processar a sua remessa."
"Pedido de envio via metodo ""ByPhone""",Favor depositar 10 mil yen para BBB MMM,"Boa tarde! Obrigado por informar, vamos processar a sua remessa."
Tempo de remessa,Quanto tempo levará para o beneficiário receber o dinheiro?,"A maioria das remessas da Brastel para o Brasil estão sendo realizadas via PIX. Assim, estão sendo pagas dentro de alguns minutos, se todos os dados estiverem corretos e a conta estiver apta a receber pagamentos via PIX."
Reembolso,"Boa tarde uma informação, como não consegui enviar remessa para meu amigo, gostaria de saber se existe a possibilidade de retirada do meu saldo ¥6700 aqui","É possível solicitar o reembolso diretamente do app. Atente para a regra de que deverá requisitar o valor total do saldo do seu app. Será cobrada uma taxa fixa de 750 e somente serão aceitas contas de bancos japoneses. Para tanto, click: Menu > Minha conta > Reembolso e siga as instruções. Tenha em mãos a sua caderneta bancária. Qualquer dúvida estamos à disposição."
Tempo de remessa,Boa tarde. Fiz uma transferência no valor de ¥15.000. Poderiam por gentileza encaminhar para minha conta pessoal da Nubank no Brasil?,"Bom dia,   Vamos processar a sua remessa.  Qualquer dúvida estamos à disposição. Obrigado."
"Pedido de envio via metodo ""ByPhone""",Bom Dia!!Fiz uma transferência de JPY 50.000 poderia por gentileza fazer remessa para AAA KKKK !!,erro ao processar a pergunta
"Pedido de envio via metodo ""ByPhone""","Boa tarde, meu nome eh MMM SSS   , fiz a transferência para a Brastel. Beneficiário no Brasil KKK MMM SSS. Muito obrigada","Bom dia, Vamos processar a sua remessa.  Qualquer dúvida estamos à disposição. Obrigado."
Confirmacao de cambio/taxas,"Bom dia ! R$ 1.215,00 reais, quanto seria a conversão em yenes? ","Bom dia,  1,215.00 ---> ¥39,412 ( com a taxa de remessa inclusa).  Qualquer dúvida estamos à disposição. Obrigado."
Termos e condicoes do servico,Bom dia. Fiz remessa para o Vietnã hoje às 11:11 AM e o beneficiário ainda não recebeu. Gostaria de saber o motivo. grato,"Bom dia,  Prazo de entrega aproximado para o Vietnã: Depósito em conta bancária 1 a 3 dias úteis Qualquer dúvida estamos à disposição. Obrigado."
Termos e condicoes do servico,Boa tarde gostaria de saber se o sistema de remessa da Brastel também poderá ser usado por japonês ? Ou somente brasileiro?,"Boa tarde! Pode ser usado por Brasileiros, japoneses e diversas outras nacionalidades. No canal da Brastel no youtube a senhora encontra diversos tutoriais para envio do dinheiro no japão, em vários idiomas diferentes também: https://www.youtube.com/channel/UCwzxY5qUNqCzfee52kmKpIg"
Cancelamento,Oi boa tarde eu fis um envio errado queria cancelar urgente,"Senhor AAA, localizamos duas remessas feitas ontem. Como elas já foram enviadas da sua conta para o Brasil, não conseguimos dar certeza de cancelar o envio, porém vamos averiguar com o nosso banco correspondente no Brasil se ainda é possível."
Termos e condicoes do servico,Bom dia ! Gostaria saber se vcs enviam dinheiro direto para conta da Nubank do Brasil que está no meu nome ?,"boa noite! Sim, enviamos para bancos digitais."
"Pedido de envio via metodo ""ByPhone""",Bom dia enviei 30.000 por favor Humberto e Márcia,Bom dia Vamos processar sua remessa. Obrigado
Reembolso,Fiz um pedido de reembolso e gostaria de saber quanto tempo demora o valor cair na minha conta do correio ?,"Bom dia, <name> C#<number>  O reembolso é processado no dia seguinte após o pedido. Qualquer dúvida estamos à disposição. Obrigado."
Confirmacao de cambio/taxas,"Olá, bom dia! Preciso fazer uma remessa no valor de 400 reais!  Poderia me passar o valor em yenes pra eu poder fazer o depósito? Desde já agradeço!","Bom dia,  400 reais ----> ¥13,226 (com a taxa de remessa inclusa). Qualquer dúvida estamos à disposição. Obrigado."
"Pedido de envio via metodo ""ByPhone""",Okay! Fiz a transferência no valor de ¥13.300 Por gentileza fazer a remessa para a beneficiária YY de CC Desde já agradeço!,"Bom dia,  Vamos processar a sua remessa.  Qualquer dúvida estamos à disposição. Obrigado."
Confirmacao de cambio/taxas,Boa tarde gostaria d saa as ver quanto chega y50.000 em reais incluindo já a taxa? Obrigado,"Boa tarde,  ¥50,000 (incluindo as taxas) ---> 1,560.94 Qualquer dúvida estamos à disposição. Obrigado."
"Pedido de envio via metodo ""ByPhone""","Boa tarde Mandei dinheiro hoje, poderia enviar para conta de JJJ  TTT  Por favor","Boa tarde,  Recebemos o seu deposito no valor de 15 mil yen  Vamos processar a sua remessa. Qualquer dúvida estamos à disposição. Obrigado."
"Pedido de envio via metodo ""ByPhone""",Boa tarde Pode depositar ¥7.000 para pensando o Japao Por favor,"Boa tarde! Vamos processar a sua remessa, obrigado."
Solicitacao de cartao de remessas,"Boa tarde , hoje fiz um depósito pelo atm do correio e o primeiro depósito foi tudo correto , mas quando fui fazer um outro depósito o meu cartão não funcionou mais , segundo a funcionária do correio ela pediu para entrar em contato com vocês para providenciar um outro cartão de remessa , como devo proceder?",Um novo cartão foi solicitado e deverá chegar em seu endereço dentre de 3 a 4 dias úteis. Qualquer dúvida estamos à disposição. Obrigado.
Confirmacao de cambio/taxas,"E hoje fosse enviar pro Brasil , 180,000 yen.  daria quanto em real ?","Boa tarde Ao ser depositado ¥180,000, será enviado BRL 5,784, já com a taxa de remessa inclusa e na cotação de hoje"
"Pedido de envio via metodo ""ByPhone""",Oi enviei 180.000 yenes beneficiário SSSS  AAA,"Boa tarde! Vamos processar a sua remessa, obrigado."
"Pedido de envio via metodo ""ByPhone""",Boa tarde Equipe Tóquio. Por favor processar a remessa.,Boa tarde Vamos processar a remessa. Obrigado
"Pedido de envio via metodo ""ByPhone""","Favor processar a remessa DE 35,500 mil yen para AAA MMMM BANCO CAIXA ECONÔMICA FEDERAL CONTA POUPANÇA AGÊNCIA XXXX  CONTA POUPANÇA xxxxx-x",Vamos processar sua remessa. Obrigado
Como se inscrever,Vcs envia remessas direto via Pix ? Se eu passar o número do Pix e nome do beneficiários já serve ?,A senhora precisa baixá-lo na loga de aplicativos do seu celular é só procurar por Brastel Remit
Problemas/Duvidas sobre deposito,A transferência posso fazer no ATM do banco correio ou tem banco,"Pode fazer no Banco do correio, seguindo o passo a passo para depósito na conta da Brastel"
Confirmacao de cambio/taxas,"Qual valor da taxa se for feito depósito, transferência banco correio","São duas taxas: A taxa de depósito do Banco. Se a senhora pedir o cartão da Brastel, a taxa muda de acordo com o valor e o dia Por depósito, o correio desconta a taxa de serviço: Até 49.999 ienes: 125 ienes de taxa De 50.000 ienes a 100.000 ienes: 345 ienes de taxa"
Confirmacao de cambio/taxas,Da pra mandar 430 .000 yens Da quanto em real hj Na cotação de hj,"Ao ser depositado ¥430,000, será entregue BRL 13,878 já com a taxa de remessa inclusa"
Confirmacao de cambio/taxas,E 6 mil reais da quanto yen ? Pra depositar do Japão ao Brasil ? Onegai shimassu,"Para ser entregue BRL 6,000, deve ser depositado ¥186,658 já com a taxa de remessa inclusa."
Como se inscrever,Como enviar dinheiro do Japão?,"Bom dia!  Para se inscrever no serviço de remessa, por favor, baixe o aplicativo Brastel Remit e registre todos os dados solicitados. Assim vamos validar sua inscrição e você já poderá registrar os seus beneficiários. Com o app Brastel Remit você terá independência para fazer a remessa por conta própria e a qualquer horário https://brastelremit.jp/por/24h"
"Pedido de envio via metodo ""ByPhone""",Bom dia! Fiz uma remessa Dados do cliente: ***,"Bom dia,  Vamos processar a sua remessa.  Obrigado!"
"Pedido de envio via metodo ""ByPhone""","Efetuei um depósito de 150,000ienes em mitsuisumitomo.  Favor remeter  50,000 a AAA   50,000 a IIIII   50,000 a VVVVV  Muito obrigado",Bom dia! Vamos processar. Obrigado.
Cadastro de beneficiario,Oi bom dia tudo bem Posso enviar meus dados por aqui pra fazer o cadastro de remessa pra o Brasil,"Bom dia, Terezinha!  O cadastro é feito pelo aplicativo Brastel Remit. Por favor baixe o aplicativo e clique em ""criar conta"" preencha os dados para realizar o cadastro. Qualquer dúvida estamos à disposição. Obrigado."
Problemas/Duvidas sobre deposito,,Bom dia Obrigado pelo envio do comprovante.  O valor esta disponivel do seu app. Qualquer dúvida estamos à disposição.
Problemas/Duvidas sobre deposito,Perfeito Me envie por favor  como devo fazer o depósito pra vcs,"link ""Como transferir dinheiro da sua conta no Japan Post Bank para a Brastel"""
"Pedido de envio via metodo ""ByPhone""",Boa tarde. Acabei de fazer uma remessa de ¥14440 para o beneficiário  KKKK,Boa tarde  Vamos processar sua remessa Obrigado
"Pedido de envio via metodo ""ByPhone""",Boa tarde Olá Sou KKKK MMM Fiz um depósito no valor de 100.000 Beneficiária SSS MMM Onegai Shimasu Conta (Bradesco),"Boa tarde,  Vamos processar a sua remessa.  Qualquer dúvida estamos à disposição. Obrigado."
Problemas/Duvidas de atualizacao de dados cadastrais,Boa tarde... preciso atualizar meu documento,Boa tarde   Recebemos as fotos do seu documento pelo seu aplicativo. Seu cadastro foi atualizado com sucesso! Qualquer dúvida estamos à disposição. Obrigado.
Reembolso,Prontinho poderiam me reembolsar aqui,"Boa tarde, Por favor, poderia nos enviar a foto da sua caderneta bancária (contra-capa)? Taxa de reembolso: 750 ienes"
Problemas/Duvidas sobre remessas,"Assim que o saldo for inserido no aplicativo,como faço para transferir para o Brasil?","Na tela inicial, do lado do nome do beneficiário, clique em enviar dinheiro. Se pretende enviar o valor total do saldo, do lado da bandeira do Japão digite o valor que está no saldo (sem pontos ou vírgulas). Depois clique em um campo em branco para ver o botão PRÓXIMO. Clique no botão PRÓXIMO 2 vezes e no final, antes de confirmar, precisa clicar no quadradinho para aceitar os termos e condições do serviço."
Confirmacao de cambio/taxas,"E 6 mil no Brasil , tenho que depositar quanto ?","¥187,695 incluindo a taxa de remessa da Brastel.  Você usa cartão de depósito da Brastel ou transfere da sua conta bancária?"
Confirmacao de cambio/taxas,Bom dia eu gostaria de saber quanto é 450.000pra mandar pro Brasil real desde já agradeço,"Bom dia,  450.000 ---->R$14,840.26 com taxa inclusa."
Confirmacao de cambio/taxas,Essa taxa inclusa Quanto é mais ou menos Desculpe incomodarmuito obrigada,Taxa de envio para o Brasil: Remessas até ¥30.000 taxa ¥880 De ¥30.001~¥300.000 taxa ¥1.480 De ¥300.001~¥800.000 taxa ¥1.680
Problemas/Duvidas sobre remessas,Olá boa tarde Preciso fazer uma remessa mas não me lembro mais como faço ?,"Boa tarde,  Usando o aplicativo da Brastel Remit, você coloca o dinheiro no saldo do aplicativo feito no caixa eletrônico por transferência bancária ou por depósito(com o cartão que a Brastel enviou). Para depositar siga o passo a passo: 1. Abra seu aplicativo Brastel Remit 2. Clique nas três linhas no canto esquerdo do app. (Menu) 3.Instruções de depósito. 4.Escolha a opção (cartão de depósito Yucho) ou transferência bancária (cartão do banco do correio). 5.Selecione a caixa eletrônica (ATM) 6. Siga o passo a passo, exatamente como está no app."
"Pedido de envio via metodo ""ByPhone""","Boa tarde Por favor efetuei um depósito no valor de 160.000 Ienes, a ser enviado o valor total ao dependente BBB YYY Obrigado","Boa tarde,  Vamos processar a sua remessa.  Qualquer dúvida estamos à disposição. Obrigado."
Problemas/Duvidas sobre remessas,Boa tarde como faço para fazer uma remessa ???,"Boa tarde,   Conforme conversamos por telefone seu cadastro está ativo já pode enviar remessass. O passo a passo é : Enviar dinheiro pelo app:  1-Ao fazer o deposito com o cartão que a brastel enviou ou com o seu cartão do banco (transferência bancária) valor entra no saldo do aplicativo da brastel remit 2- Verifique na tela inicial ""Meu saldo"". 3- Registre no seu aplicativo para quem deseja enviar: Clicar nas 3 linhas no canto esquerdo do App da Brastel > beneficiario > adicionar beneficiario. 4- Na tela inicial aparecerá o nome do beneficiário: Ex: João -------- *Enviar dinheiro*( Clicar em cima do enviar dinheiro ao lado do nome do beneficiário). 5- Aparece a bandeira do japão e ao lado digite o valor que deseja enviar e logo abaixo na bandeira aparece o valor em reais que a beneficiária irá receber. 6- Abaixo coloque a fonte de recurso. 7- Motivo da remessa E clica em próximo para prosseguir. Qualquer dúvida estamos à disposição. Obrigado."
Cadastro de beneficiario,Boa tarde ! Havia um erro no número da conta do destinatário que impediu que uma remessa fosse realizada. O erro estava no número da conta que estava faltando o último dígito. O número correto da conta é 48756938-5,Boa tarde! Vamos enviar a correção para o banco fazer o pagamento da sua remessa. Favor corrigir no app para não ter problemas nas próximas remessas.
Termos e condicoes do servico,Vocês fazem remessa para Venezuela?,Boa tarde A Venezuela não está na nossa lista de remessa
Solicitacao de cartao de remessas,E sobre o cartão pra mandar mais de 100 mil,"Boa tarde, Seu endereço foi atualizado. Vamos enviar um novo cartão de depósito."
Tempo de entrega do cartao,O cartao demora quanto tempo?,3 a 4 dias úteis.  Qualquer dúvida estamos à disposição. Obrigada.
"Pedido de envio via metodo ""ByPhone""",Favor enviar esta transferência para LLL M Muito obrigado!!,"Boa noite! Obrigado por informar, vamos processar a sua remessa."
Termos e condicoes do servico,Olá bom dia o dinheiro ainda não chegou lá em Porto Alegre Não sei porque porque geralmente chega cedo né chega mesmo dianão sei se mudou obrigada tenha um bom dia,Olá bom dia o dinheiro ainda não chegou lá em Porto Alegre Não sei porque porque geralmente chega cedo né chega mesmo dianão sei se mudou obrigada tenha um bom dia
Confirmacao de cambio/taxas,Bom dia ! Para eu depositar 600 reais ; eu divido os 600 pelo valor de 1 yene que está registrado em real no aplicativo da brastel remit ?,"Bom dia, Precisa multilicar pelo valor do Real /Iene (BRL 0.0325011174/¥ taxa de hoje). O senhor também pode utilizar o simulador, mas acosalhamos que no final adicione ¥1 no tatal. https://brastelremit.jp/por/simulator Na cotação atual: 600 reais: ¥19,342 incluindo a taxa de remessa."
Tempo de remessa,Obrigado chaga hj se depositar agora,Qualquer dúvida estamos à disposição.  Obrigado
Como se inscrever,Meu nome é RR gostaria de saber como remessar o dinheiro para o Brasil pela brastel remiti nunca fiz si pude fazer através da caixa eletrônico Se eu preciso preencher alguma formulário,"Boa tarde! O senhor ja tem o cadastro de remessa através do aplicativo Brastel Remit. No app, o senhor precisa registrar o beneficiário. https://www.youtube.com/watch?v=369oe0GxgPo&t=30s E no app, o senhor também pode ver as instruções de depósito. Menu > Instruções de depósito. Qualquer dúvida estamos à disposição. Obrigada."
Como se inscrever,Como enviar dinheiro do Japão?,"oa tarde, A senhora já tem cadastro na Brastel Remit? Caso ainda não tenha:  Para se inscrever no serviço de remessa, por favor, baixe o aplicativo Brastel Remit e registre todos os dados solicitados. Assim vamos validar sua inscrição e você já poderá registrar os seus beneficiários. Com o app Brastel Remit você terá independência para fazer a remessa por conta própria e a qualquer horáriohttps://brastelremit.jp/por/24hh"
Tempo de remessa,"Oi boa tarde Se eu fizer um depósito amanhã até 11:00 da manhã, que dia chega no Brasil?","Boa tarde, Em geral as remessas são pagas no mesmo dia, mas caso ocorra algum atraso devido ao sistema com o banco, a remessa pode ser paga no próximo dia útil."
Tempo de entrega do cartao,Gostaria de saber se podem confirmar se será enviado O cartão de remessa para o meu endereço do Japão Pode me confirmar,Boa tarde! Foi solicitado um cartão hoje e deverá chegar em seu endereço cadastrado no aplicativo dentro de 3 a 4 dias úteis.
Confirmacao de cambio/taxas,Quanto custa para enviar para Austrália?,Boa tarde!  Até ¥30.000 -> ¥880 De ¥30.001 a ¥100.000 -> ¥1.480 De ¥100.001 a ¥800.000 -> ¥1.680
Tempo de remessa,fiz uma remessa hoje às 6:30 da manhã e ainda não chegou na minha conta do Brasil,"Boa noite! O atraso no pagamento da remessa pode acontecer devido a instabilidade no sistema de pagamento no Brasil, ou pelos dados bancários incorretos. Já estamos verificando com o banco pagador no Brasil em relação a sua remessa que ainda não foi pago ao beneficiário. Devido ao fuso horário e horário bancário do Brasil, pedimos por gentileza que aguarde. Agradecemos a sua compreensão."
Problemas/Duvidas sobre remessas,"não chegou o dinheiro na conta dela Boa noite, onegai shimasu Obrigado até aqui Deus te abençoe","Plantão Especial Bom dia A sua remessa esta pendente devido aos dados bancários do beneficiário estarem incorretos.  Por favor, você poderia enviar uma foto do cartão com os dados bancários ou acessar o aplicativo do Banco do Brasil na tela inicial que contém os dados bancários? Para que possamos enviar correção ao nosso correspondente no Brasil."
Problemas/Duvidas de atualizacao de dados cadastrais,"Bom dia, recebi um e-mail, informando sobre o cancelamento de minha conta para transferência. Peço orientação.","Bom dia A sua conta está inativa,porque o zairyu card registrado expirou. Por favor,poderia enviar as fotos de frente e verso do Zairyu card atualizado?"
Problemas/Duvidas sobre remessas,Poi bom dia gostaria de saber quantas horas demora para cai uma remessa Fiz uma remessa ontem até agora não caiu,"Bom dia, O seu cadastro precisa de atualização, pois o documento registrado expirou. Por favor, poderia nos enviar as fotos frente e verso do seu novvo Zairyu card?"
Problemas/Duvidas de atualizacao de dados cadastrais,Bom dia Mandei foto zaryo cart numero pediu pra manda que tinha atualizar foi?,"Bom dia,   O seu cadastro foi atualizado com sucesso! Qualquer dúvida estamos à disposição. Obrigado."
Problemas/Duvidas sobre remessas,Poi bom dia gostaria de saber quantas horas demora para cai uma remessa Fiz uma remessa ontem até agora não caiu,"Bom dia, O seu cadastro precisa de atualização, pois o documento registrado expirou. Por favor, poderia nos enviar as fotos frente e verso do seu novvo Zairyu card?"
Solicitacao de cartao de remessas,Bia tarde RRR I  Não recebeu o cartão laranja Retornou? por favor,"Boa tarde Só um momento O cartão laranja não foi solicitado  Pede para solicitar no app, por favor e confirmar o endereço cadastrado antes"
Problemas/Duvidas sobre remessas,Já faz 14 horas e os dados são os mesmos que demora e essa,"Olá! Devido ao fuso horário e horário de funcionamento bancário do Brasil, ainda estamos aguardando retorno do banco. Pedimos por gentileza que aguarde. Agradecemos a sua compreensão."
Problemas/Duvidas sobre remessas,"não chegou o dinheiro na conta dela Boa noite, onegai shimasu Obrigado até aqui Deus te abençoe",Plantão Especial Bom dia A sua remessa esta pendente devido aos dados bancários do beneficiário estarem incorretos.
Problemas/Duvidas de atualizacao de dados cadastrais,"Bom dia, recebi um e-mail, informando sobre o cancelamento de minha conta para transferência. Peço orientação.","Bom dia A sua conta está inativa,porque o zairyu card registrado expirou. Por favor,poderia enviar as fotos de frente e verso do Zairyu card atualizado?"
Problemas/Duvidas de atualizacao de dados cadastrais,Bom dia ! Não estou conseguindo enviar dinheiro para o Brasil gostaria de saber qual o motivo,"Bom dia A sua conta está inativa,porque o zairyu card registrado expirou. Por favor,poderia enviar as fotos de frente e verso do Zairyu card atualizado?"
Reembolso,Olá bom dia ! Sobre o reembolso Quantos dias. Demora pra cair na conta ?,Demora 1 dia util.
Acesso a conta,Boa tarde Eu gostaria usar o aplicativo da brastel mas nao lembro usuario nem a senha .não tenho como acessar,"Na tela de login do aplicativo, por gentileza vá na opção Esqueci minha senha. Será enviado uma senha temporária e nome de usuário para login no referido email."
Cadastro de beneficiario,"Boa tarde Gostaria de fazer atualizar os dados do meu beneficiário EE BBB  Bradesco Agência : xxx~x Conta corrente: yyyyy~y Endereço Av: CCC de CCC, nxn  CPF: xxxxxxxxxww EE BBB","Obrigado por informar, os dados da beneficiária foram atualizados com sucesso."
Cadastro de beneficiario,"Boa tarde, se eu for enviar uma remessa em nome de um outro beneficiário que não está cadastrado, como eu poderia fazer? Desde já agradeço.","oa tarde Todo beneficiário deve ser cadastrado Assim, pedimos que nos informe os dados abaixo relacionado ao beneficiário:  DADOS DO BENEFICIÁRIO  NOME COMPLETO: GRAU DE PARENTESCO: ENDEREÇO NO BRASIL: (Cidade e Estado apenas) CIDADE: ESTADO: TEL.DE CONTATO NO BRASIL: NOME DO BANCO: NÚMERO DA AGÊNCIA: NOME DA AGÊNCIA: (caso não tenha, deixar em branco NúMERO DA CONTA: TIPO DE CONTA(corrente ou poupança): NÚMERO DO CPF:"
Como se inscrever,Como enviar dinheiro do Japão?,"Bom dia!  Você já tem cadastro na Brastel Remit?  Caso ainda não tenha,  Para se inscrever no serviço de remessa, por favor, baixe o aplicativo Brastel Remit e registre todos os dados solicitados. Assim vamos validar sua inscrição e você já poderá registrar os seus beneficiários. Com o app Brastel Remit você terá independência para fazer a remessa por conta própria e a qualquer horário https://brastelremit.jp/por/24h"
Como se inscrever,Como posso me inscrever no serviço de remessa?,"Bom dia!  Para se inscrever no serviço de remessa, por favor, baixe o aplicativo Brastel Remit e registre todos os dados solicitados. Assim vamos validar sua inscrição e você já poderá registrar os seus beneficiários. Com o app Brastel Remit você terá independência para fazer a remessa por conta própria e a qualquer horário https://brastelremit.jp/por/24h"
Termos e condicoes do servico,Olá! Bom dia! Eu gostaria de saber qual o limite de dinheiro eu posso transferir para o Brasil???,Olá! Bom dia! Eu gostaria de saber qual o limite de dinheiro eu posso transferir para o Brasil???
Acesso a conta,Não consigo enviar dinheiro pra minha irmã no Brasil! Vcs podem ver o que está acontecendo por favor!,"Bom dia A sua conta não está inativa, está em modo temporario. Enviamos uma senha temporaria no seu email (zzzzzzz@vvvv.com). Você poderia verificar e acessar seu aplicativo com seu nome de usuário e senha temporária e depois criar uma nova senha?"
Problemas/Duvidas de atualizacao de dados cadastrais,Olá minha conta está inativa mas eu já atualizei os dados e o documento Como faço para ativar de novo,"Olá,   O seu cadastro já está ativo e apto para enviar remessas.  Qualquer dúvida estamos à disposição. Obrigado."
Como se inscrever,Como posso me inscrever no serviço de remessa?,"Bom dia!  Para se inscrever no serviço de remessa, por favor, baixe o aplicativo Brastel Remit e registre todos os dados solicitados. Assim vamos validar sua inscrição e você já poderá registrar os seus beneficiários. Com o app Brastel Remit você terá independência para fazer a remessa por conta própria e a qualquer horário https://brastelremit.jp/por/24h"
Acesso a conta,Bom dia quero acessar uma nova senha,"Bom dia! O senhor lembra da senha atual? Se sim, a alteração da senha pode ser feita diretamente pelo app.  Menu > Minha conta > Alterar senha."
Acesso a conta,Não lembro da senha,"Caso não lembre da senha atual, poderá solicitar uma senha temporária por email. Enviamos um email com a senha temporária e o nome de usuário para o senhor logar no app. ooooo1xxx@sss.com"
Reembolso,"Boa tarde, então fazer o reembolso ainda hoje por gentileza! Pois o dinheiro tinha que estar lá amanhã para pagar fatura, desde já agradeço!","Boa tarde, Para processarmos o reembolso, por favor, poderia nos enviar as fotos frente e verso do Zairyu card e da caderneta bancária da KKK MMMM?"
Como se inscrever,Presiva de abrtir uma conta,"Boa tarde Para se inscrever no serviço de remessa, por favor, baixe o aplicativo Brastel Remit e registre todos os dados solicitados. Assim vamos validar sua inscrição e você já poderá registrar os seus beneficiários. Com o app Brastel Remit você terá independência para fazer a remessa por conta própria e a qualquer horário https://brastelremit.jp/por/24h"
Como se inscrever,"Boa noite, td bom! Gostaria saber se posso fazer o cartão? Para remessa  nao","Não encontramos o seu cadastro Já fez a inscrição na Brastel?   Assim que o seu cadastro for aprovado, a senhora pode solicitar o cartão de depósito através do próprio aplicativo da Brastel. Para se inscrever no serviço de remessa, por favor, baixe o aplicativo Brastel Remit e registre todos os dados solicitados. Assim vamos validar sua inscrição e você já poderá registrar os seus beneficiários. Com o app Brastel Remit você terá independência para fazer a remessa por conta própria e a qualquer horário https://brastelremit.jp/por/24h "
Acesso a conta,Bom dia! Mim chamo DDD ! Não estou conseguindo Abrir com a minha senha o meu aplicativo.,"Verificamos que o seu cadastro está cadastrado com o zairyu card vencido. Por favor, poderia nos enviar as fotos do seu zairyu card atualizado para atualizar o seu cadastro? fotos frente e verso."
Problemas/Duvidas sobre deposito,"Solicitei o cartão da Brastemp,mas queria saber se tem como depositar antes do cartão chegar?","Sim, o sr pode depositar utilizando a sua própria conta do banco do correio ou outros bancos pela transferência bancária O passo a passo está no app: menu -> instruções de depósito -> transferência bancária"
Problemas/Duvidas de atualizacao de dados cadastrais,Bom dia! Poderiam por favor atualizar meus dados! Obrigada!,"Bom dia, Flavia!  O seu cadastro foi atualizado com sucesso! Qualquer dúvida estamos à disposição. Obrigado."
Como se inscrever,Boa tarde… Tenho uma conhecida que é peruana… Ela quer saber se envia dinheiro ao Perú também. O Que precisa para fazer cadastro?! Aguardo… Obrigada,"Boa tarde! Sim fazemos remessas do Japão para o Peru também. Por gentileza, peça a ela seguir as instruções abaixo: Para se inscrever no serviço de remessa, por favor, baixe o aplicativo Brastel Remit e registre todos os dados solicitados. Assim vamos validar sua inscrição e você já poderá registrar os seus beneficiários. Com o app Brastel Remit você terá independência para fazer a remessa por conta própria e a qualquer horário https://brastelremit.jp/por/24h"
Cadastro de beneficiario,"Estou ligando nos numero que tenho e nenhum atende, como se os números não estivesse mas funcionando Preciso fazer o cadastro de um pessoa do Brasil pra poder enviar um dinheiro como faço",Em seu app: Menu -> Beneficiários -> Adicionar Beneficiário depois é só prreencher com os dados bancários
Cadastro de beneficiario,Oi Boa tarde Como eu faço pra excluir um contato?,Boa tarde! Pelo aplicativo da Brastel:  Menu -> Beneficiários -> Clicar no beneficiário -> Excluir
Problemas/Duvidas de atualizacao de dados cadastrais,Eu enviei a foto do meu zairyu atualizado Será que já posso usar o cartão?,"Sim, já pode enviar as remessas"
Reembolso,"Ok, entendi, vou providenciar um familiar pra fazer a remessa ! Como que peço o reembolso dos valores ?","Bom dia! O reembolso deve ser solicitado via aplicativo acessando o Menu > Minha Conta > Reembolso. Qualquer dúvida, estaremos à disposição!"
Termos e condicoes do servico,Olá boa tarde tenho o novo cartão da brastel pra remessas grandes porém nunca usei e gostaria de usar é igual o outro ou muda alguma coisa por nunca ter usado ?,"Bom dia, C#5364427  Para quem efetua depósitos acima de 100mil o novo cartão ira facilitar pois poderá ser efetuado com um único deposito. Às taxas de depósito do cartão laranja variam de acordo com o dia e o horário do depósito:  Valor máximo por deposito: 1.000.000 . Taxas de deposito: Segunda a sexta (8:45 ~ 18:00) Sabado (9:00 ~ 14:00) 1.000 ~ 110.000 =440 110.001 ~ 1.000.000 = 550  Fora dos horários indicados acima e nos feriados bancários: 1.000 ~ 110.000 = 550 110.001 ~ 1.000.000 = 660  As taxas serão deduzidas quando o dinheiros for transferido para o saldo da sua conta no aplicativo (App)."
Cadastro de beneficiario,Bom dia gostaria de umas informações Se por essa conta do brastel remit eu consigo enviar dinheiro para o Vietnã?,"Bom dia, ! C#6692628  Sim, ao clicar para registrar um novo beneficiário em opções de destino está disponível para enviar para o Vietnã. Qualquer dúvida estamos à disposição. Obrigado."
Cadastro de beneficiario,"Bom dia,meu filho trocou de serviço no Brasil,por isso teve q trocar de conta,já cadastrei os dados novos,preciso esperar pra fazer remessa??","Boa tarde, sra Fabiana  Com os dados já registrados, a senhora ja pode fazer a remessa. Confira os dados bancários do seu beneficiário antes de enviar. Rafael Alves Qualquer dúvida estamos à disposição. Obrigado."
Cadastro de beneficiario,Como faço para abrir conta para enviar dinheiro para pagar imóvel Para conta jurídica  E banco digital?,"Para se inscrever no serviço de remessa, por favor, baixe o aplicativo Brastel Remit e registre todos os dados solicitados. Assim vamos validar sua inscrição e você já poderá registrar os seus beneficiários. Com o app Brastel Remit você terá independência para fazer a remessa por conta própria e a qualquer horário https://brastelremit.jp/por/24h "
Solicitacao de cartao de remessas,Qual conta vai ter que abrir  Cadastrando o aplicativo já da para enviar dinheiro?  Vcs envia o cartão pra mim ?,"O sr se inscreve na conta da Brastel, e poderá solicitar o cartão de depósito para colocar o valor no seu saldo. Assim que cadastrado o beneficiário, com todas as informações bancárias e CPF/CNPJ, basta enviar a remessa. É tudo realizado dentro do app"
Solicitacao de cartao de remessas,Gostaria de saber se um cartão de deposito que solicitei esta sendo enviado?     Tem como ser um de cada ? O verde e o laranja,"Bom dia, C#6489058  Não há registros de solicitação do cartão. Por favor poderia nos informar qual cartão deseja solicitar, o verde Yucho ou o novo cartão (laranja)?    Bom dia, O cartão laranja do senhor já foi enviado. Para efetuarmos o envio do cartão verde, o senhor pode me confirmar se continua no mesmo endereço?"
Solicitacao de cartao de remessas,Olá tudo bem  voce vai me enviar cartão para fazer a remessa,Você gostaria de um novo cartão? Por favor confirme seu endereço abaixo:  Postal Code xxx-zzzz Prefecture AAAA-KEN City / Ward SSSS-SHI Area AAAAA Number 61 Complement
Acesso a conta,"Bom dia! Eu tinha um ID e senha provisória, pois não estou conseguindo usar meu app e agora não estou conseguindo entrar na minha conta pelo PC. Muito obrigada","Bom dia, para enviarmos uma nova senha temporária, por favor confirme seu e-mail zzzzz@aaa.com"
Tempo de remessa,Boa tarde uma consulta Se eu fizer uma remessa no sábado pela manhã dar pra chegar no Brasil na sexta a noite,"Boa tarde,  A maioria dos pagamentos estão sendo feitos via PIX. Os pagamentos feitos via PIX, são pagos no mesmo dia do envio da remessa, porém quando o PIX não for possível, o banco faz o pagamento via TED que nesse caso somente durante o expediente bancário no Brasil. Qualquer dúvida estamos à disposição. Obrigado."
Termos e condicoes do servico,"Olá! Boa noite Então o limite do valor e de 800 mil yens, mas quero entender se posso enviar 400 mil yens de uma vez??? Ou por vez de 100 mil yens por vez???","Bom dia O limite por transação: 800.000 ienes Limite diário: 1.000.000 ienes Você pode enviar os 400 mil de uma vez. Mas o seu cartão da Brastel limite e ate 100 mil por deposito,precisaria fazer 5 depositos para chegar no valor de 400 mil + taxas de cada deposito de 100 mil. Temos uma opção de depósito com cartão de 1 milhão de ienes e você pode solicitá-lo através do seu aplicativo."
Tempo de remessa,Quanto tempo levará para o beneficiário receber o dinheiro?,"Plantão Especial Bom dia A maioria dos pagamentos estão sendo feitos via PIX. Os pagamentos feitos via PIX, geralmente são pagos no mesmo dia do envio da remessa, porém quando o PIX não for possível, o banco vai pagar via TED que nesse caso somente durtante o expediente bancário no Brasil. Qualquer dúvida estamos à disposição.  Obrigado"
Como se inscrever,Bom dia vcs pode me enviar o documento para mim preencher para mandar dinheiro o Brasil Queria saber como mandar dinheiro pelo pix com celular,"Para se inscrever no serviço de remessa, por favor, baixe o aplicativo Brastel Remit e registre todos os dados solicitados. Assim vamos validar sua inscrição e você já poderá registrar os seus beneficiários. Com o app Brastel Remit você terá independência para fazer a remessa por conta própria e a qualquer horáriohttps://brastelremit.jp/por/24hh "
Como se inscrever,Olá boa tarde gostaria de saber como faço para obter um Cartão de remessa brastel ?,"Bom dia!  A senhora precisa se inscrever através do aplicativo Brastel Remit e solicitar o cartão pelo app. Para se inscrever no serviço de remessa, por favor, baixe o aplicativo Brastel Remit e registre todos os dados solicitados. Assim vamos validar sua inscrição e você já poderá registrar os seus beneficiários. Com o app Brastel Remit você terá independência para fazer a remessa por conta própria e a qualquer horário https://brastelremit.jp/por/24h "
Como se inscrever,Como enviar dinheiro do Japão?,"Bom dia!  Para se inscrever no serviço de remessa, por favor, baixe o aplicativo Brastel Remit e registre todos os dados solicitados. Assim vamos validar sua inscrição e você já poderá registrar os seus beneficiários. Com o app Brastel Remit você terá independência para fazer a remessa por conta própria e a qualquer horário https://brastelremit.jp/por/24h"
Como se inscrever,Como enviar dinheiro do Japão?,"Bom dia!  Para se inscrever no serviço de remessa, por favor, baixe o aplicativo Brastel Remit e registre todos os dados solicitados. Assim vamos validar sua inscrição e você já poderá registrar os seus beneficiários. Com o app Brastel Remit você terá independência para fazer a remessa por conta própria e a qualquer horário https://brastelremit.jp/por/24h "
Tempo de entrega do cartao,Olá! Boa noite! Então gostaria que vc me confirme se chegou o meu pedido de cartão novo pra remessa de 1.000.00 mil yens??? O dia do pedido foi hj e gostaria de saber qdo mais ou menos estarei recebendo??? Desde já agradeço,"Bom dia,  O cartão foi solicitado com sucesso chegará num prazo de 3 a 4 dias uteis. Qualquer dúvida estamos à disposição. Obrigado.  "
Acesso a conta,Oi bom dia Quero entrar na minha conta da Brastel mas tô sem o cartão Não,"Bom dia, O senhor não lembra da senha de login?  "
Acesso a conta,Olá boa noite estou tentando entrar em minha conta e não estou conseguindo abrir,"Bom dia, ! C#3200326  Para recuperar o acesso a sua conta na Brastel, por favor confirme o seu email para receber uma senha temporária e o nome do usuário.  Seu email registrado: aaaa.sss@dd.com"
Tempo de remessa,Bom dia fiz uma transação hoje mas até agora não caiu,"Bom dia, C#6001762  Em geral as remessas são pagas no mesmo dia. Infelizmente, o Pix no Brasil tem bastante instabilidade e não tem previsão de acontecer. Fazemos o possível para que seja paga rapidamente.  Por favor, aguarde.  Qualquer dúvida estamos à disposição. Obrigado."
Termos e condicoes do servico,"Qual o valor, taxa que e cobrada para remessa ao Brasil",Taxa de envio: Remessas até ¥30.000 taxa ¥880 De ¥30.001~¥300.000 taxa ¥1.480 De ¥300.001~¥800.000 taxa ¥1.680
Acesso a conta,Eu não lembrava mais a senha . Ai acabei fazendo tudo de novo..,"Bom dia,   Informamos que a sua inscrição foi cancelada devido à falta de resposta há mais de 6 meses. Por favor, se inscreva novamente pelo nosso aplicativo."
Tempo de entrega do cartao,Ola Em quantos dia chega o cartão de remessa?,Dentro de 3 a 4 dias úteis.
Como se inscrever,Como enviar dinheiro do Japão?,"Para se inscrever no serviço de remessa, por favor, baixe o aplicativo Brastel Remit e registre todos os dados solicitados. Assim vamos validar sua inscrição e você já poderá registrar os seus beneficiários. Com o app Brastel Remit você terá independência para fazer a remessa por conta própria e a qualquer horário https://brastelremit.jp/por/24h"
Como se inscrever,Como-faco-pra-enviart-dinheiro-por-voces,"Para se inscrever no serviço de remessa, por favor, baixe o aplicativo Brastel Remit e registre todos os dados solicitados. Assim vamos validar sua inscrição e você já poderá registrar os seus beneficiários. Com o app Brastel Remit você terá independência para fazer a remessa por conta própria e a qualquer horário https://brastelremit.jp/por/24h"
Como se inscrever,Como posso me inscrever no serviço de remessa?,"Para se inscrever no serviço de remessa, por favor, baixe o aplicativo Brastel Remit e registre todos os dados solicitados. Assim vamos validar sua inscrição e você já poderá registrar os seus beneficiários. Com o app Brastel Remit você terá independência para fazer a remessa por conta própria e a qualquer horário https://brastelremit.jp/por/24h"
Cadastro de beneficiario,Bom dia tudo bem com vocês eu precisava daquele modelo onde prenche os dados do beneficiário vcs pode me enviar pelo WhatsAplicativo para smartphones do servico de remessas para mim fazendo favor,"Bom dia, ! C#3249042 DADOS DO BENEFICIÁRIO  NOME COMPLETO: GRAU DE PARENTESCO: ENDEREÇO NO BRASIL: (Cidade e Estado apenas) CIDADE: ESTADO: TEL.DE CONTATO NO BRASIL: NOME DO BANCO: NÚMERO DA AGÊNCIA: NOME DA AGÊNCIA: (caso não tenha, deixar em branco NúMERO DA CONTA: TIPO DE CONTA(corrente ou poupança): NÚMERO DO CPF:"
Cadastro de beneficiario,Bom dia tenho uma beb ficiaria que tá com problema na conta dela do Brasil vocês podem trocar os dados bancário dela a conta era da caixa econômica agora vai ser do cicredi vou enviar cópia do cartão dela junto vocês podem conferir com os dados se tá certo número da conta código da agência amanhã eu vou enviar dinheiro para essa pessoa obrigado pela atenção,"Bom dia, ! C#3249042 DADOS DO BENEFICIÁRIO  NOME COMPLETO: GRAU DE PARENTESCO: ENDEREÇO NO BRASIL: (Cidade e Estado apenas) CIDADE: ESTADO: TEL.DE CONTATO NO BRASIL: NOME DO BANCO: NÚMERO DA AGÊNCIA: NOME DA AGÊNCIA: (caso não tenha, deixar em branco NúMERO DA CONTA: TIPO DE CONTA(corrente ou poupança): NÚMERO DO CPF:"
Cadastro de beneficiario,Obrigada Gostaria de outra informação Pra enviar remessas pra empresa jurídica o que precisa?,"Bom dia, ! C#3249042 DADOS DO BENEFICIÁRIO  NOME COMPLETO: GRAU DE PARENTESCO: ENDEREÇO NO BRASIL: (Cidade e Estado apenas) CIDADE: ESTADO: TEL.DE CONTATO NO BRASIL: NOME DO BANCO: NÚMERO DA AGÊNCIA: NOME DA AGÊNCIA: (caso não tenha, deixar em branco NúMERO DA CONTA: TIPO DE CONTA(corrente ou poupança): NÚMERO DO CPF:"
Cadastro de beneficiario,Bom dia como eu faço pra colocar o SSS beneficiário Pra enviar dinheiro no Brasil,"Bom dia, A senhora pode registrar beneficiário através do APP.  1. Clicar nas 3 linhas no canto esquerdo superior.  2.Beneficiários  3.Adicionar beneficiário.    Qualquer dúvida estamos à disposição. Obrigado."
Tempo de entrega do cartao,Boa tarde será que vcs consegue me informar Se meu cartão de remessa Já me enviaram e que até sábado tenho que enviar um dinheiro para o Brasil  Fiz na sexta feira,"Boa tarde, O cartão já saiu da Brastel. Ainda está dentro do prazo de entrega. Por gentileza aguardar mais um pouco."
Como se inscrever,como Faso pra dinheiro pra brasil,"Boa tarde, O senhor já tem cadastro na Brastel Remit? Caso ainda não tenha, a inscrição deve ser feita através do aplicativo Brastel Remit. https://brastelremit.jp/24h/#/por/ Qualquer dúvida estamos à disposição. Obrigado."
Cadastro de beneficiario,"por favor DADOS DO BENEFICIÁRIO  NOME COMPLETO: LLL  TTT  GRAU DE PARENTESCO: sobrinha ENDEREÇO NO BRASIL: Rua SSSS  nXX. CIDADE: AAAA ESTADO: BBBBB TEL.DE CONTATO NO BRASIL: xxxxxxxx NOME DO BANCO:Nubank NÚMERO DA AGÊNCIA:xxxxx NOME DA AGÊNCIA: (caso não tenha, deixar em branco NúMERO DA CONTA:xxxxx-a TIPO DE CONTA: corrente NÚMERO DO CPF: xxxxxxxxxxx",Por favor registre o beneficiário através do aplicativo. Menu > Beneficiários > Adicionar beneficiário > Digite as informações do beneficiário
Como se inscrever,Como posso me inscrever no serviço de remessa?,"Bom dia!  Para se inscrever no serviço de remessa, por favor, baixe o aplicativo Brastel Remit e registre todos os dados solicitados. Assim vamos validar sua inscrição e você já poderá registrar os seus beneficiários. Com o app Brastel Remit você terá independência para fazer a remessa por conta própria e a qualquer horário https://brastelremit.jp/por/24h"
Como se inscrever,Como enviar dinheiro do Japão?,"Bom dia!  Para se inscrever no serviço de remessa, por favor, baixe o aplicativo Brastel Remit e registre todos os dados solicitados. Assim vamos validar sua inscrição e você já poderá registrar os seus beneficiários. Com o app Brastel Remit você terá independência para fazer a remessa por conta própria e a qualquer horário https://brastelremit.jp/por/24h"
Problemas/Duvidas sobre deposito,Boa noite será que posso fazer transferência do banco shizuoka para a Brastel ?,"Bom dia, Sim, a senhora consegue fazer transferência pelo banco Shizuoka. Acesse em seu aplicativo: Menu > Instruções de depósito > Transferência bancária > Outos bancos. E siga o passo a passo."
Problemas/Duvidas de atualizacao de dados cadastrais,Bom dia Meu zayro acabou de expirar mas já entrei com o processo junto a imigração a mais de um mês mas devido aos terremotos eles alegaram que os computadores tiveram problemas Estou com o carimbo do aplication O protocolo ele nos deu somente no nome da minha esposa,"Por favor,aguarde. Departamento responsavel esta checando as fotos enviadas."
Problemas/Duvidas de atualizacao de dados cadastrais,,Seu endereço foi atualizado com sucesso. Você pode solicitar o cartão amarelo pelo app.
Termos e condicoes do servico,Bom dia por favor gostaria de saber qual o valor da remessa para o Brasil,"Boa tarde,  TAXAS DE REMESSAS: Remessas até ¥30.000 taxa ¥880 De ¥30.001~¥300.000 taxa ¥1.480 De ¥300.001~¥800.000 taxa ¥1.680 Qualquer dúvida estamos à disposição. Obrigado."
Termos e condicoes do servico,Obg por informação. por favor informe-me o total que posso enviar por mês para o Brasil?,"Olá, !  O limite por remessa: 800.00 ienes Limite diário: 1.000.000 ienes ; Valor máximo de remessa por mês: ¥5.000.00 Qualquer dúvida estamos à disposição. Obrigado."
Problemas/Duvidas sobre deposito,Mão uma pergunta: da para eu fazer o depósito a partir da minha conta do correio usando o cartão de depósito da minha esposa?,"Para fazer a transferência a partir da sua conta do correio, você deve utilizar apenas o cartão de sua própria conta bancária."
Problemas/Duvidas sobre deposito,Boa tarde tudo bem se puder botar no aplicativo para mim a remessa aí fico agradecido aí ta o comprovante  Obrigado,"Boa tarde, Sua remessa está em processamento. Depósitos com o cartão laranja da brastel , demora alguns minutos para entrar no saldo do aplicativo. Qualquer dúvida estamos à disposição. Obrigado."
"Pedido de envio via metodo ""ByPhone""",Depósito feito,"Boa tarde. Por gentileza, aguarde alguns minutos. Estamos processando a transferencia para o saldo do seu app. Muito obrigada e otimo fim de semana."
Problemas/Duvidas de atualizacao de dados cadastrais,Posso mandar a foto do cartao de registro de estrangeiros card atual?,"Boa tarde! Sim, por favor! Seu cadastro foi atualizado. Muito obrigado."
Termos e condicoes do servico,Oi queria Saber ate qto pode mandar na remessa em dinheiro,"O limite por transação: 800.000 ienes Limite diário: 1.000.000 ienes Até 30 transações por mês.  Nota: Dependendo da soma total dos valores enviados, o departamento responsável poderá solicitar documentos adicionais. Caso isso seja necessário, entraremos em contato com o cliente."
Tempo de entrega do cartao,Bom dia sabe informar se meu cartão já foi enviado pro meu endereço falou 4 dia até agora nada tem algum número que eu possa liga pra fala com alguém ver oque stâ acontecendo tô precisando enviar dinheiro rápido,"Boa tarde! Verificamos no sistema que o cartão foi solicitado no dia 21/05. Ele demora de 3 a 4 dias úteis para chegar no endereço, então pedimos por gentileza que aguarde pelo menos até segunda-feira."
Como se inscrever,Como posso me inscrever no serviço de remessa?,"Para se inscrever no serviço de remessa, por favor, baixe o aplicativo Brastel Remit e registre todos os dados solicitados. Assim vamos validar sua inscrição e você já poderá registrar os seus beneficiários. Com o app Brastel Remit você terá independência para fazer a remessa por conta própria e a qualquer horário https://brastelremit.jp/por/24h "
Tempo de remessa,Quanto tempo levará para o beneficiário receber o dinheiro?,"Via de regra, as remessas serão pagas via PIX dentro de algumas horas, se todos os dados estiverem corretos."
Termos e condicoes do servico,"Olá, tudo bem? Vocês enviam dinheiro do Japão para a Coreia do Sul?","Olá, tudo bem? Vocês enviam dinheiro do Japão para a Coreia do Sul?"
Problemas/Duvidas sobre deposito,Olá td bem ? para fazer a transferência preciso do cartão da Brastel?,"Plantão Especial Bom dia Você poderá colocar o valor da remessa no saldo do seu aplicativo por meio do cartão de depósito ou então com seu cartão do banco, ambos passo a passo estão no app.  Para depositar por transferência bancária (cartão do banco do correio), segue o passo a passo: 1. Clicar nas 3 linhas no canto esquerdo do App da Brastel 2. Instruções de depósito 3. Transferência bancária (conta no correio). 4. Selecionar o ATM 5. Seguir o passo a passo, exatamente como está no App."
Problemas/Duvidas sobre remessas,Quero envia dinheiro para o Brasil me ajude,"Plantão Especial Bom dia Como posso ajudar? A sua conta está inativa,porque o zairyu card registrado expirou. Por favor,poderia enviar as fotos de frente e verso do Zairyu card atualizado?"
Problemas/Duvidas sobre remessas,Ola bom dia Sobreminhs remessa feita ontem as 12:00 horas Ainda nao chegou Aconteceu algo ?,"Bom dia A sua remessa esta processando. Enviamos uma mensagem ao nosso correspondente no Brasil, para verificar se houve"
Problemas/Duvidas sobre remessas,"Olá bom dia, fiz a solicitação de uma remessa para o Brasil e ainda não recebi o depósito do valor","Bom dia, Não recebemos a confirmação do banco. Vamos enviar um pedido de verificação. Devido ao fuso horário, pedimos por gentileza que aguarde. Obrigado,  Qualquer dúvida estamos à disposição."
Problemas/Duvidas sobre deposito,Não consigo fazer o depósito Usando o cartão que vocês me enviou,"Bom dia, Lembre-se que o limite de depósito é ¥100,000 ienes por deposito, caso o valor seja maior poderá fazer depósitos seguidos. Certifique-se que está realizando a operação no ATM do correio ou no verde do FamilyMart. Limpe com um lencinho o cartão e se possível, tente realizar a operação em outro caixa eletrônico. Se mesmo assim não for possível realizar o depósito, gentileza nos solicitar outro cartão com a confirmação do seu endereço."
Tempo de remessa,Boa tarde Gostaria de tirar uma dúvida Se eu mandar dinheiro hj chegará no Brasil hj mesmo?,"Boa tarde, Em geral as remessas são pagas no mesmo dia, até o final do expediente bancário no Brasil."
Problemas/Duvidas sobre deposito,Tenho o cartão Brastel....mas não estou conseguindo depositar.,O ATM da conveniência que o senhor está realizando o depósito é o ATM de cor verde?
Como se inscrever,Oi como fazer pra enviar dinheiro pra o destinario no Brasil,"Para se inscrever no serviço de remessa, por favor, baixe o aplicativo Brastel Remit e registre todos os dados solicitados. Assim vamos validar sua inscrição e você já poderá registrar os seus beneficiários. Com o app Brastel Remit você terá independência para fazer a remessa por conta própria e a qualquer horário https://brastelremit.jp/por/24h  "
Problemas/Duvidas sobre remessas,"Boa tarde minha remessa realiza ontem ainda não caiu na minha conta,porq?","O atraso no pagamento da remessa pode acontecer devido a instabilidade no sistema de pagamento no Brasil, ou pelos dados bancários incorretos. Estamos verificando com o banco pagador no Brasil em relação a sua remessa que ainda não foi paga ao beneficiário. Devido ao fuso horário, pedimos por gentileza que aguarde. Agradecemos a sua compreensão."
Como se inscrever,Como enviar dinheiro do Japão?,"Para se inscrever no serviço de remessa, por favor, baixe o aplicativo Brastel Remit e registre todos os dados solicitados. Assim vamos validar sua inscrição e você já poderá registrar os seus beneficiários. Com o app Brastel Remit você terá independência para fazer a remessa por conta própria e a qualquer horário https://brastelremit.jp/por/24h  "
Como se inscrever,Como posso me inscrever no serviço de remessa?,"Para se inscrever no serviço de remessa, por favor, baixe o aplicativo Brastel Remit e registre todos os dados solicitados. Assim vamos validar sua inscrição e você já poderá registrar os seus beneficiários. Com o app Brastel Remit você terá independência para fazer a remessa por conta própria e a qualquer horário https://brastelremit.jp/por/24h  "
Problemas/Duvidas sobre remessas,Faz mais de um dia qie fiz uma remessa e o dinheiro ainda não caiu na minha conta!,"Bom dia, Thiago! C#6149173  Não recebemos a confirmação do banco.  Vamos enviar um pedido de verificação. Devido ao fuso horário, pedimos por gentileza que aguarde. Obrigado.    "
Problemas/Duvidas de atualizacao de dados cadastrais,Bom dia Ja atualizei meu zaryu card no aplicativo Por favor verificar  Atenciosamente,A sua conta esta ativa. Qualquer dúvida estamos à disposição.  Obrigado
Tempo de remessa,Qual o tempo de chegada prevista,"A maioria dos pagamentos estão sendo feitos via PIX. Os pagamentos feitos via PIX, geralmente são pagos no mesmo dia do envio da remessa, porém quando o PIX não for possível, o banco vai pagar via TED que nesse caso somente durtante o expediente bancário no Brasil."
Problemas/Duvidas de atualizacao de dados cadastrais,,O seu cadastro foi atualizado com sucesso! Agora o Sr. já pode enviar remessas.  Qualquer dúvida estamos à disposição. Obrigado!
Problemas/Duvidas de atualizacao de dados cadastrais,,"Boa tarde, seu cadastro foi atualizado. Qualquer dúvida estamos à disposição. Obrigado."
Cadastro de beneficiario,Gostaria de saber se consigo incluir um beneficiário que t conta num banco digital Nubank,"Boa tarde! Sim, é possível, também trabalhamos com contas digitais. É só registrar o número da conta do beneficiário no aplicativo e a agência (para bancos digitais normalmente é 0001)"
Problemas/Duvidas sobre remessas,Boa tarde Enviei uma remessa para o Brasil dia 25/05 e até agora esse dinheiro não caiu na conta destinada,"O atraso no pagamento da remessa pode acontecer devido a instabilidade no sistema de pagamento no Brasil, ou pelos dados bancários incorretos. Já estamos verificando com o banco pagador no Brasil em relação a sua remessa que ainda não foi pago ao beneficiário. Devido ao fuso horário e horário de atendimento bancário no Brasil, pedimos por gentileza que aguarde. Agradecemos a sua compreensão.  "
Problemas/Duvidas de atualizacao de dados cadastrais,,"Seu cadastro foi estendido e está apto a enviar remessas. Quando chegar o novo Zairyu Card, por gentileza registre-o em seu app."
Problemas/Duvidas sobre remessas,Eu enviei dinheiro antes de ontem e até agora não caiu na conta do Brasil,"O atraso no pagamento da remessa pode acontecer devido a instabilidade no sistema de pagamento no Brasil ou pelos dados bancários incorretos. Vamos verificar com o banco pagador no Brasil em relação a sua remessa que ainda não foi pago ao beneficiário. Devido ao fuso horário, pedimos por gentileza que aguarde. Agradecemos a sua compreensão."
Acesso a conta,Bom dia... não estou conseguindo acesso no aplicativo... senha não funciona....nome de usuário não funciona.,"Bom dia, A senhora tentou acessar o cadastro com o usuário e senha temporário enviado ontem para o e-mail: xxxxxx@sss.com"
Solicitacao de cartao de remessas,Quero trocar o cartão laranja pelo verde como faço ?,Você poderia confirmar seu endereço para enviar um novo cartão?
Problemas/Duvidas sobre remessas,Oi vi aqui que ainda nao caiu minha remessa efetuada dia 24 Aconteceu algo,"Bom dia, A remessa está pendente devido aos dados estarem incorretos. Por favor, a senhora poderia conferir os dados bancários, e entrar em contato com a brastel, para correção?"
Problemas/Duvidas sobre remessas,"Olá td bem ? Pode me informar se está tudo certo com a última remessa que fiz ? Pois normalmente o destinatário recebe em poucas horas e dessa vez , me chamou dizendo que ainda não recebeu !","Olá, !  Vamos enviar um pedido de verificação. Devido ao fuso horário, pedimos por gentileza que aguarde. Obrigado."
Problemas/Duvidas de atualizacao de dados cadastrais,Boa tarde Estou enviando a foto do meu cartao de registro de estrangeiros card novo para atualização de cadastro obrigado,"Obrigado por enviar, vamos atualizar o seu cadastro."
Solicitacao de cartao de remessas,Boa tarde Eu perdi meu cartão verde para remessa....e gostaria de outro Como faço para pedir de novo,"Boa tarde, Para podemos prosseguir com o envio do cartão, por favor, poderia confirmar o endereço?"
Como se inscrever,Como enviar dinheiro do Japão?,"Boa tarde!  Para se inscrever no serviço de remessa, por favor, baixe o aplicativo Brastel Remit e registre todos os dados solicitados. Assim vamos validar sua inscrição e você já poderá registrar os seus beneficiários. Com o app Brastel Remit você terá independência para fazer a remessa por conta própria e a qualquer horário https://brastelremit.jp/por/24h"
Problemas/Duvidas sobre remessas,A remessa q fiz no dia 25 está pendente eu não tenho foto do cartão posso trocar o nome do beneficiário? A conta será a msm,"Boa tarde, O banco informou que ficou pendente por dados divergentes."
Solicitacao de cartao de remessas,Oi minha conta antiga foi perdida por conta de eu nao ter acessado por 2 anos . E ai eu apaguei a conta e fiz outra mas não recebi o cartao ainda,"Não há solicitação de cartões O pedido dos cartões devem ser feitos através do aplicativo.  Por favor, poderia acessar Menu > Minha conta > Cartão e código de depósito para fazer o pedido?"
Problemas/Duvidas sobre remessas,"Bom dia!! Fiz um deposito na conta da caixa econômica no Brasil , mas o dinheiro não entrou qual o problema","O atraso no pagamento da remessa pode acontecer devido a instabilidade no sistema de pagamento no Brasil. Vamos verificar com o banco pagador no Brasil em relação a sua remessa que ainda não foi pago ao beneficiário. Devido ao fuso horário, pedimos por gentileza que aguarde. Agradecemos a sua compreensão."
Solicitacao de cartao de remessas,Fiz minha inscrição on-line e agora estou aguardando o cartão remessa. No ato da inscrição não foi pedido o endereço atual. Mesmo assim vou receber o cartão em casa?,"Boa tarde, Para podemos prosseguir com o envio do cartão, por favor, poderia confirmar o endereço?"
Problemas/Duvidas de atualizacao de dados cadastrais,"Bom dia Estou com visto de um Mes,e precisar embora dinheiro pro Brasil Preciso enviar dinheiro hi,pra manutencao familiar","Bom dia A sua conta está inativa,porque o zairyu card registrado expirou. No aplicativo clique em ->Minha conta ->Perfil ->Atualizar documento E envie as imagens frente e verso do seu zairyu card pelo aplicativo. Por favor, primeiro precisamos ativar sua conta."
Problemas/Duvidas sobre remessas,Bom dia Fiz uma remessa mais ainda não foi processada Geralmente e rápido nem o email de confirmação chegou ainda,"Bom dia, C#3007291  Não recebemos a confirmação do banco.  Vamos enviar um pedido de verificação. Devido ao fuso horário, a resposta não será imediata. Pedimos por gentileza que aguarde. Obrigado."
Cancelamento,"Bom dia, ontem eu recebi a notificação novamente que a remessa estava pendente e vi que o problema era porque eu coloquei o CPF errado, eu gostaria de cancelar a remessa pra mim reenviar novamente","Olá, !  Iremos solicitar o cancelamento. Porém, devido ao fuso horário e o horário de expediente bancário no Brasil, o cancelamento não será imediato.  Qualquer dúvida estamos à disposição. Obrigado."
Cancelamento,Pode cancelar a última remessa por favor,"Bom dia, Vamos enviar o pedido de cancelamento da última remessa que está pendente ao banco, pois os dados bancários estão incorretos Antes de reenviar uma remessa a este beneficiário, por favor corrigir os dados."
Problemas/Duvidas de atualizacao de dados cadastrais,Bom dia Estava falando com vocês pelo aplicativo Fiquei de mandar foto do zyrio pra recuperar minha conta,"Por favor, aguarde um momento.  Os dados de e-mail foram atualizados e um usuário e senha temporário foram enviados ao seu e-mail, tente logar por favor."
Problemas/Duvidas sobre deposito,Eu queria saber se eu posso depositar no cartão verde pelo atm do combine. Pq do correio disse que não pode depositar esse horário.,"Pode ser pelo combine sim! Mas precisa ser o ATM verde, ok? Tem o passo a passo com as instruções para depositar no kombini também:  Menu -> Instruções de depósito -> Cartão de depósito yucho -> ATM compacto do Japan Post Bank"
Tempo de remessa,Quanto tempo levará para o beneficiário receber o dinheiro?,"Boa tarde,  A maioria das remessas da Brastel para o Brasil estão sendo realizadas via PIX. Assim, estão sendo pagas dentro de alguns minutos, se todos os dados estiverem corretos e a conta estiver apta a receber pagamentos via PIX. Qualquer dúvida estamos à disposição. Obrigado."
Como se inscrever,Como enviar dinheiro do Japão?,"Bom dia!  Para se inscrever no serviço de remessa, por favor, baixe o aplicativo Brastel Remit e registre todos os dados solicitados. Assim vamos validar sua inscrição e você já poderá registrar os seus beneficiários. Com o app Brastel Remit você terá independência para fazer a remessa por conta própria e a qualquer horário https://brastelremit.jp/por/24h"
Problemas/Duvidas sobre remessas,"Bom dia,tudo bem!? fiz uma remessa dia 27 pra minha filha e até agora ainda não caiu na conta dela,posso ter o dinheiro de volta!??","Bom dia, C#5638010  A sua remessa está em processamento. Os pagamentos são na mesma hora, pode ter havido alguma instabilidade no sistema.  Vamos enviar um pedido de verificação. Devido ao fuso horário, pedimos por gentileza que aguarde. Obrigado."